07 09                                                                           
08 09                                                                           
15 18                                                                           
02 06                                                                           
04 07                                                                           
09 07                                                                           
11 13                                                                           
14 16                                                                           
03 08                                                                           
06 09                                                                           
