781   4.76820   8.08550   6.72017
  8   4.38810   8.09200   8.03618
587   2.53610   8.06410   7.65078
253   3.54840   8.37690   7.83624
380   3.80680   7.94080   5.15688
269   1.98700   5.60140   2.95081
157   3.96820   7.51750   7.04157
617   3.80170   8.56210  11.01293
194   3.11120   8.63180   8.35192
283   5.45260   7.22310   6.74766
387   4.51390   7.01150   6.50092
237   2.51570   7.71370   5.97319
334   1.38330   3.50870   5.64958
593   2.10280   6.82080   5.51273
 69   3.67840   8.13590   7.46472
144   1.84550   5.54560   2.86779
766   4.22860   7.60840   5.32222
788   5.07920   7.35610   8.87569
763   2.62960   7.08050   8.18304
720   4.40760   7.78830   8.66418
138   3.94010   7.62610   7.64742
238   1.82040   5.62940   4.30899
137   1.73680   4.64640   6.92147
 27   5.42600   6.19760   5.79808
 37   2.69340   8.06030   8.03819
 10   1.50220   4.65870   6.70406
327   3.18590   7.96300   7.64195
 41   4.13260   9.12520   8.64735
 59   2.10490   7.05400   8.09716
785   2.92550   7.75680   6.28560
284   3.79710   7.98260   7.97743
 14   2.28230   5.92810   7.51480
508   3.53170   7.41660   5.33936
 86   2.90320   6.77280   6.35202
120   2.83950   8.45990   7.29044
310   3.46940   8.95750   8.48568
407   2.46030   7.15500   5.44629
229   2.32430   6.49140   8.21255
422   4.16530   9.20230  11.23432
460   3.06950   8.29180   6.45844
127   3.53850   6.73860   6.68812
499   2.49650   6.75530   7.35498
112   3.82280   8.56910   8.60869
252   2.64550   6.94960   7.55949
648   2.32970   6.79950   6.99026
396   2.60650   7.27000   6.79307
605   2.74850   7.50350   8.74322
539   3.38220   7.69640   7.79550
 50   2.55480   8.69800   8.78723
523   3.18000   7.80930   8.27093
581   1.94090   6.25580   4.46649
715   3.25860   8.53020   4.94138
601   3.07760   7.42900   8.62050
708   3.55300   8.33650   9.94918
330   2.93500   6.61070   7.22483
305   1.49910   3.91090   2.45575
478   1.38280   4.51450   3.83882
179   3.08140   7.17930  10.69904
224   3.47860   8.69680   7.68695
796    .61790   1.65130    .92337
 17   3.15670   7.37350   8.96362
578   5.00120   7.87580   9.32989
639   1.98030   5.91090   4.23919
684   2.83420   7.96700  10.60867
 47   3.29690   7.67780   8.39824
733   1.86320   6.00800   5.01142
573   3.94730   8.45770   8.29174
245   3.13690   7.40430   9.11117
475   1.64490   4.62020   6.17534
 98   3.50670   9.53240   6.34375
 77   4.02580   8.84080  11.40558
619   2.92160   7.83040   7.16520
694   3.03540   7.31720   8.01085
 20   2.73580   8.36000   8.23847
452   3.41260   8.74580   6.63907
649   3.89330   8.50400   9.80938
242   3.03970   7.30310   6.59001
317   2.09630   7.23610   5.88058
 18   3.53160   8.50330   5.52055
722   4.54440   8.31260   9.45721
306   3.05240   7.53860   6.91725
298   1.50010   6.27810   5.03285
459   2.67730   8.68170   7.38366
379   3.12790   8.07520   5.00778
481   2.28290   5.96660   5.25240
256   3.17760   8.38350   5.44021
666   2.79680   7.98350   5.40099
643   2.57490   6.43480   6.99599
659   1.77250   5.42050   6.48440
468   1.78010   4.06490   3.21952
549   3.49000   8.55740   9.13054
292   2.34880   7.20640   9.73261
319   3.31250   7.76380   7.87867
565   1.80630   6.04270   7.15228
437   2.46460   7.63140   5.63094
 30   2.82830   7.58490   6.03033
699   2.32000   6.73960   5.19013
363   2.81940   7.86940   7.53022
349   4.25010   8.56650   8.95706
289   2.64940   7.39860   5.50200
 67   4.28270   8.25310  10.86591
688   3.48590   8.58180   7.52945
 68   1.01590   3.17430   1.25236
378   3.39000   7.19080   7.83965
339   2.63690   7.90490   8.26296
797   3.99980   7.42290   5.91178
279   5.45280   6.98110   8.57203
762   3.24590   6.61140   6.33981
385   3.18150   8.70370   7.86429
734   3.05880   8.06170  10.23958
154   2.25610   6.67630   7.70249
186   3.05510   7.83820   7.87034
183   3.87410   8.10620   9.37136
122   4.93060   8.01120  10.29523
431   2.54410   6.49830   6.14342
304   1.86970   5.46910   3.01757
479   4.47570   9.71390   8.84145
487   3.09910   6.99890   8.18468
493   1.42540   3.84350   3.11639
622   3.51920   8.85980   6.54413
 76   4.99640   7.83940   7.13321
583   4.18010   7.44600   7.77158
683   4.67750   8.07860   6.19406
141   2.14590   6.30730   5.53449
654   3.67770   8.51020   9.15115
303   5.96170   5.86860   5.53888
632   3.12120   7.79080   8.19718
 90   1.68750   5.67780   6.47630
494   2.51540   6.33370   2.41048
221   1.68860   5.52870   4.98465
430   3.81740   9.07090   9.42687
457   2.96550   7.53820   7.72148
 92   3.27930   8.27010   9.57640
165   2.16290   7.33910   4.99592
277   3.63360   7.45110   7.20778
424   2.93630   7.93950   8.36816
320   2.30130   8.14380   8.75235
102   3.24930   8.08990  10.18766
 51   3.67200   7.68050   5.94622
525   1.49810   5.13860   5.97978
746   3.91740   7.89110   8.23006
 61    .95630   1.57060   1.63013
383   2.60220   6.85660   9.13639
580   2.38740   7.98230   7.77415
672   1.50950   4.93330   4.23003
 24   1.94040   5.58420   3.33606
504   2.50110   6.44390   6.94589
197   3.05350   8.68100   4.08648
 94   3.34380   7.88210   8.49474
783   1.85560   4.94000   5.66981
272   2.00150   6.48400   7.33581
322   1.82170   4.89570   3.74773
390   2.99080   7.28730   6.95713
671   5.31180   7.19160   5.44242
546   1.22010   3.48890   1.57916
271   5.00750   8.09040   5.43309
234   1.96040   6.06740   4.91928
655   4.20280   8.09680   7.33403
768   3.44710   8.11120   8.32746
104   2.56760   6.43320   7.52548
433    .83830   2.84820   4.39893
686   2.09150   6.31960   5.63327
547   2.47190   7.31140   5.57067
566   1.17420   3.31280   4.45056
107   3.35390   8.30050   9.72911
712   3.31910   8.51790   6.32485
760   4.60600   8.47690   9.50234
751   2.04120   6.56180   6.40632
110   5.09990   7.86440   7.34265
511   4.47980   8.58810   9.10073
128   2.67830   7.23010   9.35480
625   3.44070   8.13390   6.02768
697   4.41600   8.65900  10.76534
312   3.48730   8.19760   9.97296
799   3.84730   8.57730  11.64778
350   3.15820   7.55290   8.39780
556   2.35480   6.18910   5.41847
176   2.28220   5.95490   7.41368
738   4.38200   7.86940  11.41127
114   2.64030   6.47290   3.66932
597    .34640    .07400   1.00899
374   3.08300   8.07560   6.27669
791    .82350   3.37630   2.17944
729   2.31590   7.02770   6.96674
740   3.52220   8.11680   8.30783
276   1.31410   4.24120   3.79439
627   4.21150   9.30820   7.28607
156   3.16790   8.39410   7.49670
268   3.51880   7.93040   9.78619
602   2.69000   7.08980   7.18786
772   3.26890   7.60210  10.86115
554   3.50520   7.01170   6.35010
163   1.79680   6.06300   4.34775
770   4.14350   7.74050   6.56949
 73   3.15200   7.54360   9.01151
266   2.51060   7.01610   9.33957
631   1.31670   4.64110   4.74170
621   2.44280   6.97820   5.87981
223   2.56110   6.57380   7.56097
216   3.74250   8.01080   7.35478
