    0.334912     0.708419     0.000000     0.299639
    1.009661     0.814114     1.000000     1.886903
   -0.868733    -0.983970     1.000000    -0.789654
   -0.709125    -1.368452     1.000000    -0.798527
   -1.032436    -0.157634     1.000000    -0.558788
    0.020713    -1.300670     1.000000     2.815955
   -0.012261    -0.212142     0.000000    -0.265207
   -0.417838    -0.097589     0.000000     0.280672
   -0.313381     0.232520     1.000000     1.171433
   -0.293889    -0.915718     1.000000    -1.593379
   -0.198924     1.545802     1.000000     0.005205
   -1.416711    -1.316358     0.000000    -1.728917
    1.104921     0.228575     0.000000    -0.215728
   -0.786418    -1.501791     1.000000     1.178340
    0.792054     2.527569     0.000000     0.832758
   -0.824670    -0.443268     0.000000     1.104796
   -0.566441    -0.458981     0.000000    -1.126913
   -1.408745    -1.404758     1.000000     0.518322
   -0.384020    -0.625806     1.000000     0.044085
   -0.595496    -1.466999     1.000000    -0.964958
    0.616200     0.197296     0.000000     0.938296
   -2.603970    -1.056211     1.000000    -0.281077
    0.126449    -0.655108     1.000000    -1.204742
    1.029556     0.487117     1.000000    -0.092245
   -1.482677     0.751411     1.000000    -0.390992
   -0.839575    -2.038289     0.000000    -0.659141
    0.080844     0.293547     1.000000     0.195401
   -0.221473     0.417013     1.000000     0.804992
   -1.218520    -1.041884     0.000000    -0.440224
   -0.328699    -0.297999     1.000000     0.953528
    0.190656     0.589577     0.000000    -0.026437
    0.821326     0.749301     1.000000     0.337871
   -1.331983     0.002327     1.000000     0.222348
    0.258994     0.990365     0.000000    -0.141509
   -1.164337    -1.571597     1.000000     0.397810
   -1.099322    -1.641160     0.000000    -1.120572
   -2.314217    -2.459006     1.000000    -0.736363
   -0.432767    -0.896836     1.000000    -0.898771
    0.270113     0.005893     1.000000    -0.168311
   -0.787857     0.423459     1.000000     1.083928
   -0.122212     1.853141     0.000000     2.336477
   -0.621930     0.024119     0.000000     0.703115
    1.114775     0.621252     1.000000     1.148924
   -0.233660    -0.590173     1.000000     1.396313
    1.056019    -1.170169     1.000000     1.798305
    0.675966     1.119975     0.000000     0.025463
   -0.256695    -0.969092     0.000000     1.058409
   -0.200164    -0.989035     1.000000     0.553787
   -0.808198    -1.332421     0.000000     1.302970
    0.390109     0.183059     0.000000    -1.705776
   -0.595998    -1.655768     0.000000     1.412333
    0.251442     0.088160     1.000000     0.288048
   -0.989960    -0.272284     1.000000    -0.167187
   -0.329106     0.614938     0.000000     0.040761
   -0.409874    -1.062039     0.000000    -1.330976
    0.583056    -0.200911     0.000000     0.776839
    2.198837     1.228018     0.000000    -1.155183
   -1.228190    -0.323780     1.000000    -1.348906
   -1.020654    -1.394794     0.000000     0.378869
   -0.394957    -1.352407     0.000000     0.635186
    0.559512     0.946395     1.000000    -0.577384
    1.890444     0.914361     0.000000     0.187451
    1.437194     0.383864     1.000000     1.405223
   -0.354445    -0.133496     0.000000    -1.245712
   -0.553281     1.316817     0.000000     1.411073
   -0.718741    -1.302177     0.000000    -0.501614
    1.074656     0.993429     0.000000     0.496214
   -0.430300    -0.238933     0.000000    -0.287580
   -1.405821    -1.278051     1.000000     0.604191
    0.160041     0.679186     0.000000     0.875187
    0.442089     0.027785     1.000000     0.327794
   -0.478260    -1.704934     1.000000    -0.252637
    1.103794     0.474141     1.000000    -0.713150
   -0.774267    -0.709421     1.000000    -0.148530
   -3.053959    -0.928942     0.000000     0.275553
   -1.108527    -1.632569     1.000000     0.193222
   -0.215745    -0.633754     0.000000     0.785288
   -0.673769    -1.286585     1.000000    -0.249547
   -0.604053    -0.426445     0.000000     0.290242
   -0.695358    -0.170157     0.000000     1.404600
    0.507707    -1.000300     1.000000    -0.308065
    0.652821     0.433554     1.000000     0.058141
   -0.244879    -0.471312     0.000000     0.076137
    0.567174     0.778500     1.000000    -0.568806
    0.218569    -1.178454     1.000000     1.035797
    0.039811    -0.880271     1.000000     3.032503
   -0.866986    -1.660250     1.000000    -0.381773
    0.256597    -0.088208     1.000000    -0.022739
   -0.815762    -1.986691     1.000000    -0.598258
   -0.339776     0.322442     1.000000     0.752875
   -1.228669    -0.510326     0.000000     0.384384
    0.037965     1.093655     1.000000    -0.457849
   -0.624749    -0.525033     0.000000     0.038206
    0.065375     0.250272     1.000000    -0.650419
    0.476298     0.527942     1.000000    -2.550343
   -0.789712    -1.919970     1.000000    -0.135745
   -0.324803    -0.644046     0.000000     0.564599
   -0.064105     0.082123     0.000000    -0.121366
   -0.210025     0.306695     0.000000     1.507907
   -1.386600    -0.754971     0.000000    -0.101089
   -0.209648    -0.265164     0.000000    -1.012070
   -0.157648     0.611696     0.000000     0.504640
    0.007148    -0.967965     1.000000     1.297537
    0.309717    -0.152852     1.000000     0.504565
   -0.054245    -0.511162     1.000000     1.501200
   -1.363882    -0.538633     1.000000     0.528877
   -0.768348     0.442687     0.000000    -1.799018
   -1.486212    -2.102978     1.000000     0.450500
    0.108337    -0.009670     0.000000    -1.847293
   -0.000187     0.276837     1.000000    -1.340540
    0.545339     0.579858     1.000000    -0.562686
   -1.274299    -1.170916     0.000000     1.670602
    0.108505    -0.024175     0.000000     0.168149
    0.116632     0.423917     1.000000     0.276924
   -0.758412    -1.944983     1.000000     0.275347
   -0.043838    -0.335054     1.000000    -0.812776
    0.296069    -0.550570     1.000000     1.223894
    0.024607    -0.667620     1.000000     0.674315
   -0.156077     0.546241     0.000000    -0.227138
   -0.198750     0.577150     1.000000    -1.661134
    0.709103    -1.467640     0.000000     0.000655
   -0.347329    -2.063841     1.000000     1.400515
    0.580553    -0.354482     1.000000     0.433135
   -0.365851    -0.801277     1.000000     0.019507
   -0.437967    -1.372991     0.000000    -1.210176
    1.144117     2.220155     0.000000    -1.643316
    0.305896     0.140550     1.000000    -0.575662
   -0.304493     1.415131     0.000000    -1.257264
    1.018074     0.512507     1.000000     0.742001
   -0.854051    -1.426647     1.000000     0.917462
    1.396574    -0.135269     0.000000    -0.018621
    0.905836     1.233917     0.000000    -0.651203
    0.530593    -0.194430     1.000000    -0.698459
    1.145022     1.105642     0.000000    -0.549652
    0.224206     0.098387     1.000000     1.293007
    1.435881     2.013582     1.000000    -0.092282
    0.472506     1.610426     0.000000    -0.461844
    0.349649    -0.063099     0.000000    -0.387645
   -0.451023    -1.017030     1.000000     0.360175
   -0.614397     0.165664     0.000000     0.511342
    0.049320    -1.576980     1.000000     0.346425
   -0.336912     0.449600     0.000000     0.078873
    0.388452    -0.120949     1.000000    -0.631493
    0.100575     0.311910     1.000000     1.068367
   -0.338639    -0.316266     0.000000     1.686047
   -1.215891    -0.198810     1.000000    -0.849588
   -0.506624    -1.047229     1.000000     1.369687
    1.803524     2.344525     1.000000    -0.952091
   -1.234469     0.235303     1.000000    -1.493751
    1.496268     1.702853     1.000000    -0.654862
