   1   9   0  19   1   0   1   9   1
   2 999 999  24   0   0   1  12   2
   3  10   0  20   1   0   1   6   2
   4   6   0  19   0   1   1   9   2
   5   6   0  18   0   1   1  11   3
   6   7   0  21   0   0   1   1   1
   7  17   1  21   1   1   1 999   3
   8   9   0  19   0   0 999   1   2
   9   7   0  20   0   1   2   4   2
  10   6   0  21   0   1   1  13 999
  11 999 999  22   1   1   1   3   3
  12   6   0  21   1   1   1  12   3
  13  10   0  24   0   1   2   4   2
  14 999 999  21   0   1   1  15   3
  15  13   1  21   1   0   3   6   2
  16   8   0  21   1   0   2  14   3
  17   5   0  20   0   1   1  12   3
  18 999 999  22   0   1   4   9   1
  19   8   0  23   0   0   1  11   3
  20   8   0  25   0   0   3 999   2
  21   7   0  19   0   1 999  10   2
  22   9   0  24   1   1   1   1   2
  23 999 999  20   0   0   1   5   2
  24 999 999  22   1   1   1 999   2
  25  10   0  25   0   0   1  10   2
  26 999 999  24   0   1   3 999   2
  27 999 999  23   1   1   1   8   2
  28 999 999  23   0   1   1   8   2
  29   7   0  25   0   1   3  10   3
  30 999 999  18   1   0   3   7   2
  31   7   0  19   0   0 999  14   2
  32  11   1  22   0   0   1   3   2
  33   8   0  21   1   0   1  10   2
  34  14   1  25   0   1   1   7   2
  35   9   0  19   0   0   3 999   1
  36   9   0  24   0   1   3 999   1
  37  10   0  25   0   0   1  10   2
  38  13   1  25   1   1   1   9 999
  39 999 999  25   0   0   4   6   2
  40  10   0  20   0   1   3   2   2
  41  18   1  20   0   0   2  10   2
  42 999 999  19   1   1   1 999   2
  43 999 999  18   0   0   3   1   2
  44   6   0  19   0   0   4 999   2
  45 999 999  20   1   0   1   7   2
  46 999 999  19   0   0   3   8   2
  47  14   1  23   0   1   3  12   2
  48  13   1  24   1   0   1   9   2
  49  12   1  18   1   1   3   5   2
  50   8   0  25   0   1   1   8   2
  51  13   1  22 999   0   3   3   2
  52  20   1  22   0   0   1   3 999
  53   8   0  20   0   1   1  18   3
  54   5   0  18   0   0   1 999   3
  55  20   1  18   0   1   1   3   2
  56  15   1  22   0   0   1   8   2
  57   7   0  25   0   1 999  11   3
  58 999 999  21   1   1   1  13   3
  59  12   1  20   1   0   1   2   2
  60  18   1  18   1   1   1  11   3
  61  11   1  24   0   1   1   7   3
  62   9   0  24   1   0   3   5   1
  63   9   0  23   0   1   1  13   2
  64   3   0  21   0   1   2  10   2
  65 999 999  21   1   1   1   8 999
  66 999 999  22   1   0   2 999   2
  67  13   1  20   1   1   1   4   2
  68  11   1  24   0   0   1  19   3
  69  10   0  24   0   0   3   7   3
  70 999 999  18   0   1   3   8   2
  71  10   0  24   0   0 999  12   2
  72   4   0  21   0   1   1  12   3
  73   8   0  25   0   1   1  13   3
  74  18   1  21   0   1   1   9   2
  75  18   1  25   1   0   1   5   2
  76   8   0  21   1   1   3   9   2
  77  10   0  22 999   0   1  10   3
  78  12   1  22   1   1   1  11   2
  79 999 999  22   1   0   4   5   1
  80  17   1  20   1   1   4 999   2
  81  14   1  19   1   1   1  10   3
  82   8   0  22   0   1   3   4   2
  83   6   0  25   0   1   2  10   3
  84  10   0  24   1   0   4   7   2
  85   8   0  24   0   1   1  14   3
  86  14   1  22   1   1   3   2   1
  87   8   0  23   0   1   2   9   2
  88 999 999  24   0   1   4   8   3
  89  13   1  18   1   1   1  12   1
  90   8   0  20   1   0   1   8   2
  91 999 999  20   0   0   1 999   3
  92   6   0  25   0   0   1  12   3
  93  14   1  18   1   0   3  11   2
  94   8   0  24   0   1   1  10   3
  95  11   1  21 999   1   1  13   3
  96  13   1  21   1   1   1  11   3
  97   8   0  18   0   0   1  12   2
  98 999 999  19   1   1   2   6   2
  99  10   0  18   1   1   3  13   3
 100 999 999  20   0   1   3   6   1
 101  12   1  22   1   1   3   1 999
 102   5   0  21   0   1   1  10   3
 103   9   0  18   0   1   1   7   2
 104   6   0  20   0   0   1  12   2
 105   9   0  23   0   1   1   9   2
 106 999 999  19   0   1   3   2   2
 107 999 999  24   1   1   2   4   2
 108  11   1  21   1   1   1 999   2
 109 999 999  22   1   1   3  10   1
 110 999 999  18   1   0   1   3   2
 111 999 999  19   0   1   3   7   1
 112 999 999  18   1   0   2   7   2
 113   9   0  20   1   1   1  11   3
 114  10   0  20   1   1   1   7   2
 115 999 999  19   1   1   4   7   2
 116   8   0  23   0   1   3   3   2
 117   7   0  18   1   1   1  11   2
 118 999 999  25   0   1   1   8   2
 119 999 999  23   1   0   1  15   3
 120 999 999  25 999   1   1  12   3
 121  12   1  22   1   1   3   5   2
 122 999 999  24   0   1   3   8   2
 123   5   0  20   0   1   1   9   3
 124  11   1  24   1   0 999   6   2
 125   8   0  22   0   0   3 999   2
 126  13   1  23   0   0   4  11   3
 127   9   0  23 999   1   2   8 999
 128  15   1  25   1   0   1   8   1
 129  14   1  22 999   1   1   7   1
 130   9   0  22   1   0   1   9   2
 131   8   0  22   0   1   1 999   3
 132   8   0  20   1   0   3   3   2
 133  17   1  24   0   0   1   9   2
 134   5   0  24   0   1   2   8   3
 135  21   1  25   1   1   4   3   2
 136   9   0  19   1   1   1  11   2
 137  20   1  25   1   1   3  10   2
 138 999 999  21   0   0   1  10   2
 139   8   0  21   1   1   3   9   3
 140  10   0  23   1   0   4   9   2
 141   9   0  22   0   0   2 999   2
 142  13   1  24   1   1   3   2   2
 143  10   0  21   0   1   3   6   2
 144   9   0  25   0   0   3   5   2
 145   6   0  18   1   1   3 999   2
 146  11   1  18   1   0   1   3   1
 147 999 999  19   1   1   1 999   2
 148  11   1  24   0   0   3  11   2
 149  29   1  23   1   0   1   4 999
 150  10   0  23   0   1   1   9 999
 151  10   0  18   0   1   1   9   3
 152  20   1  25   1   1   3   7   2
 153   8   0  22   0   0   2 999   2
 154  13   1  23   0   0   1   6   2
 155   8   0  19   1   1   3   5 999
 156  12   1  24   1   1   1  16   2
 157   9   0  20   0   1   1 999   3
 158 999 999  18   1   0   1  10   3
 159 999 999  18   1   0   4   2   2
 160 999 999  22   1   1   1   4   3
 161 999 999  21   1   0   1 999   3
 162  14   1  24   0   1   1 999   2
 163   9   0  24   0   1   3  10 999
 164 999 999  25   0   0   1  11   3
 165  11   1  23   1   1   1   6   2
 166  13   1  24   0   1   1  13   2
 167   7   0  21 999   1 999   5   3
 168  20   1  19   1   1   1  10   2
 169 999 999  23   1   0 999   8   3
 170 999 999  24   1   0   4  11   2
 171   5   0  19   0   1   1  12   3
 172 999 999  22   1   1   4   8   1
 173   5   0  23   0   1   2   7 999
 174  14   1  25   1   0   4   5   2
 175   7   0  21   0   0   3   8   3
 176 999 999  19   1   0   3   4   3
 177  13   1  18   0   0   2   9   2
 178   7   0  19   0   1   1  12   2
 179   7   0  18   1   0   1   8   2
 180  10   0  25   0   1   1  13   2
 181 999 999  18   1   1   1  15   3
 182  11   1  21   1   1 999 999   2
 183   9   0  19   1   1   1   8   2
 184  20   1  20   1   0   1   6   2
 185 999 999  19   0   1 999  16 999
 186   6   0  19   0   0   1  10   3
 187  11   1  22   0   1   1   9   3
 188  26   1  21   0   1   1   4   2
 189  10   0  24   0   1   1  11   2
 190 999 999  18   1   1 999  10   2
 191   8   0  21   1   0 999 999   2
 192  18   1  23   0   1   3   8   3
 193   8   0  25   0   0   1  12   2
 194   8   0  20   1   1   1  13   3
 195   8   0  18   1   1   3   8 999
 196 999 999  22   0   1   1   7   3
 197   8   0  22   1   1   1   7   2
 198 999 999  23   1   0   1   5   2
 199   8   0  20   1   0   3   7   2
 200  12   1  20   0   1   1   5   3
 201 999 999  23   0   1   1  10   3
 202 999 999  25   0   0   3   3   2
 203   6   0  22   0   0   1  16 999
 204   8   0  20   1   1   3   9   2
 205  10   0  18   0   1   1 999   3
 206   9   0  21   1   1   3   7   2
 207   7   0  24   0   1   1  10   3
 208   9   0  19   1   1   1   7   2
 209  10   0  23   1   1   2   7   2
 210 999 999  24   1   0   3   9   3
 211   8   0  23   0   0   1   5   2
 212  11   1  23   0   1   3   6   2
 213  10   0  24   1   1   1  10   2
 214  15   1  22   0   0 999   2   2
 215  14   1  25   1   1   1  12   2
 216   8   0  24   0   1   1  15   1
 217   8   0  25   0   0   1  16   2
 218  13   1  24   1   0   1   2   2
 219  17   1  25   1   1   1   7   3
 220   6   0  18   0   0   1   6   2
 221  17   1  24   0   1   3   6   2
 222   7   0  19   0   1   3   9   2
 223   8   0  20   1   0   1   5 999
 224   8   0  24   0   0   1   8   2
 225   9   0  21   0   1   1  11   2
 226   6   0  18 999   1   4  12   2
 227   8   0  19   0   1   1   7   3
 228 999 999  25   1   1   1   9   3
 229   6   0  19   1   1   2   9   2
 230 999 999  21 999   0   3   7   2
 231  14   1  18   1   1   1  11 999
 232 999 999  21   0   1   3   1   2
 233   7   0  19   0   1   1  11   2
 234   7   0  20   0   1   2  10   3
 235   6   0  18 999   0   3   3   2
 236  11   1  25   0   1   1  12   2
 237  14   1  19   1   0   1   7   2
 238  20   1  25   1   1   1 999   2
 239   8   0  20   0   1   1   3   1
 240   8   0  25   0   1   1  14   2
 241 999 999  24   1   0   1  10   2
 242 999 999  23   0   1   1 999   3
 243   7   0  21   0   1   2  15   3
 244   7   0  18   0   0   1  11   3
 245  10   0  20   1   1   1   7 999
 246  10   0  25   1   1   1  13   3
 247  13   1  25   1   0   1  10   2
 248   9   0  19   1   1   1  12   2
 249  13   1  22   0   1   1  11   2
 250  14   1  24   1   1   4   9   2
 251   7   0  20   0   0   1  10   3
 252   7   0  23   0   1   3   7   2
 253 999 999  18   1   0   2   4   1
 254   9   0  23   0   1   1   6   3
 255   8   0  24   0   1   3  11   3
 256   7   0  18   0   0   1  10   2
 257 999 999  19   1   1   1   3   2
 258   8   0  19   0   1   1  15   3
 259   5   0  18   0   1   2  11   2
 260  13   1  24   1   1   1 999   2
 261   9   0  19   1   0   1   6   2
 262 999 999  19   0   0   1   6   1
 263   8   0  23   0   0   1  19   3
 264   8   0  18 999   0   2   8   2
 265  11   1  25   0   1   3   4   2
 266  13   1  24 999   1   3   8   2
 267 999 999  19   0   1   2 999   2
 268   7   0  21 999   1   3   4   2
 269  11   1  19   0   1   1  10   2
 270   7   0  18   1   1   1   9   3
 271   8   0  20   1   1   2   8   3
 272   6   0  18   0   1   3  10   2
 273  14   1  19   0   1   1 999   2
 274  20   1  25   1   0   4  16   2
 275  15   1  24   1   1   4   7   2
 276  12   1  25   1   0   4   8   2
 277  14   1  25   0   0   1  14   3
 278   9   0  25   0   0 999 999   2
 279   9   0  22   0   0   2  14   3
 280   6   0  19   0   1   3  10   2
 281   6   0  20   0   0   1 999   2
 282  13   1  21   1   1 999   1   2
 283   6   0  18   1   1   1  10   2
 284   5   0  22   0   0   3   8   2
 285  14   1  22   0   1   1  12   2
 286   9   0  25   0   0 999  12   2
 287  11   1  23   0   0   3   2   1
 288   9   0  21   0   1   1 999   2
 289  12   1  23   1   0   1  10   3
 290   7   0  18   0   0   1   6   3
 291  12   1  25   1   1   1  12   3
 292   9   0  22   0   1   3 999   2
 293   8   0  18   0   0   1  13   3
 294   7   0  22   1   1   3   7   2
 295   5   0  19   0   1   3   9   2
 296   8   0  25   0   0   1   8   3
 297  14   1  25   0   1   3 999   2
 298 999 999  20   0   0   4   8   3
 299   9   0  25   0   1   4  12   2
 300   6   0  21   0   0   1   8   2
 301   5   0  18   0   0   1  11   3
 302   8   0  21   1   1   3   4   2
 303  12   1  18   1   0   1   9   2
 304   6   0  19   0   1   3   5   3
 305   8   0  22   0   0   1   6   2
 306 999 999  24   0   1   1  13 999
 307   8   0  25   0   1   1  13 999
 308 999 999  21   1   0   3   5   2
 309   8   0  23   0   1   1   8   3
 310  24   1  25   0   1   1  10   3
 311  11   1  22   1   1   3   1   2
 312 999 999  25   0   0   1   8   1
 313 999 999  24   1   1   1  11   3
 314   7   0  21   0   1   3  11   3
 315  10   0  20   1   1   2   5   2
 316 999 999  23   1   1 999  10   3
 317 999 999  23   1   1   1   7   2
 318  14   1  25   1   0   2  15   2
 319 999 999  25   1   0   1  12   2
 320   8   0  19   1   0   1 999   2
 321  13   1  20   0   1   4 999 999
 322 999 999  19   0   1   4   3   3
 323 999 999  21   0   1 999 999   3
 324   5   0  20 999   1   1   7   3
 325   6   0  18   0   0   1   4 999
 326   9   0  20   0   1   3   7   2
 327   8   0  21   0   1   1  13   3
 328   9   0  22   0   1   3   1   2
 329   6   0  22   0   0   1  12   2
 330  11   1  24   0   1   1   5   2
 331 999 999  18   1   1   3   8   2
 332  10   0  23   0   0   2  10   3
 333  11   1  25   0   1   3 999   2
 334   8   0  20   1   1   1   9   3
 335   8   0  22   1   1   2 999   2
 336  10   0  24   0   0   1   8   1
 337   8   0  19   1   1   3  11   2
 338  13   1  24   1   0 999  12   3
 339   6   0  23   0   0   1  12   3
 340  13   1  18   0   1   1  10   2
 341   8   0  23   0   1   1   5 999
 342  17   1  22   0   0   2   6   2
 343 999 999  22   0   1   1   4   2
 344  14   1  22   0   0   1   7   2
 345   8   0  18   1   0   3   8   2
 346   8   0  19   0   0 999   8   1
 347 999 999  23   0   0   1   5   2
 348 999 999  24   1   0   1   5   2
 349   7   0  21   0   1   3   9   2
 350  14   1  21   0   1   1  12 999
 351  14   1  24   0   1 999   8   2
 352   5   0  21   0   0   1   8   2
 353  10   0  25   0   0   1   7   2
 354   8   0  24   0   0   1   8   2
 355 999 999  20   0   0   1   6   3
 356   8   0  18   0   0   1   9   3
 357 999 999  20   0   0   3 999   2
 358   9   0  22 999   1   4 999   1
 359  13   1  24   1   0   1  10   2
 360   9   0  24   0   0   3  12   2
 361  10   0  21   0   0   2 999   2
 362   8   0  21   1   1   2   8   2
 363  12   1  21   1   1   3   7 999
 364   7   0  21   0   0   1  10   2
 365   7   0  20   0   0   1   7   2
 366 999 999  23   1   1 999   4   2
 367 999 999  22   1   1   3 999   1
 368  15   1  22   1   1   1   5   1
 369 999 999  22   1   1   1 999   3
 370  10   0  21   0   1   1   7   2
 371   7   0  18   0   0   1  11   1
 372  13   1  21 999   0   1 999   1
 373  12   1  24   0   1   1  11   3
 374   8   0  18   0   1   1  13   3
 375   8   0  21   0   1   4   3   2
 376   9   0  18   0   1   1  11   1
 377  17   1  25   1   1   1   7 999
 378 999 999  25 999   1   3   6   2
 379   9   0  19   1   0   1   6   2
 380 999 999  19   0   0   1   9   2
 381   7   0  21 999   1   3   5   3
 382  14   1  20   0   1   1  12   3
 383 999 999  25   0   0   1  17   3
 384   7   0  20   0   0   2  11   2
 385   6   0  18   0   0   3 999   2
 386   8   0  18   1   0   3   7   2
 387  12   1  23   1   0   1  13   2
 388  10   0  20   0   0   1  13   3
 389 999 999  25   0   0   1   6   2
 390  10   0  20   1   1   1  12   2
 391   6   0  18 999   1   2 999   3
 392  12   1  22   1   1   3  10   2
 393   5   0  23   0   1   1  10   2
 394  12   1  24   0   1   1 999   1
 395  10   0  24   0   0   3  12   3
 396  11   1  24   0   1   1   5   2
 397   8   0  18   1   1   3   9   3
 398  11   1  23   0   1   4  12   2
 399  11   1  19   1   0   1   9   2
 400   8   0  23   0   0   2   8   2
 401   5   0  23   0   1   1   9   3
 402   7   0  22   0   1   3  10   2
 403  11   1  22   1   1   1 999   2
 404   6   0  18   0   0   4   7   2
 405   7   0  18   0   0   3  10   2
 406  10   0  24   0   1   4   2 999
 407  12   1  25   0   1   1 999   3
 408  12   1  21   0   1   1   3   2
 409   6   0  25   0   0   2   9   2
 410   9   0  19 999   1   2   6   2
 411 999 999  19   0   1   1   7   2
 412  11   1  20   1   1   1 999   1
 413 999 999  18   1   1   1   5   2
 414  10   0  24   0   1   1   4   1
 415  11   1  24   0   0   2   5   2
 416  23   1  25   1   1   3   1   2
 417 999 999  23   1   0   2  11   2
 418  15   1  24   1   1   1 999   2
 419   7   0  18   0   0   1   8   2
 420   7   0  18   0   1   1  14   3
 421  13   1  23   1   1   1  11   2
 422  12   1  25   0   1 999   9   2
 423 999 999  21   0   0   1  12   3
 424  12   1  25   0   1   1   9   2
 425   7   0  24   0   1   1   9   3
 426  11   1  25   0   1   1   2   1
 427 999 999  24   0   1 999  12   3
 428   9   0  21   1   1   3   8   2
 429   8   0  19   0   1   1  13   3
 430 999 999  18   0   0   2 999 999
 431   7   0  21   0   1   1   5   3
 432 999 999  20   1   1   1  10   2
 433 999 999  20   0   0   3  10   2
 434  12   1  24 999   1   3   9 999
 435 999 999  24   0   0   1   5   3
 436  14   1  25   1   0 999 999   2
 437  10   0  21   0   1   3   7   2
 438   7   0  19   0   1   1 999   2
 439   8   0  18   1   0   1  13   2
 440 999 999  24   0   0   2  10   3
 441   5   0  18   0   1   3  11   2
 442   9   0  19   1   0 999 999   2
 443  12   1  21   1   0   1   4   2
 444  17   1  25   0   0   3   4   1
 445  14   1  25   0   0   1  12   3
 446   7   0  18   0   1   1   5   2
 447 999 999  23   0   0   1   7   3
 448 999 999  19   1   1   1   9   2
 449   8   0  23   0   1   3  10   2
 450   8   0  21   1   0   1  13   2
 451 999 999  18   0   0   2 999   1
 452 999 999  19   1   0   1   8   1
 453 999 999  23   1   0 999 999   1
 454   8   0  18   0   1   2 999   3
 455  11   1  23   1   1   1   8   2
 456   7   0  25   0   1   1  11   2
 457   8   0  25   0   0   3   8   2
 458   8   0  20   1   1   3  10   2
 459  13   1  22   1   0   1   7   2
 460 999 999  21   1   1   1  18   2
 461  15   1  21   1   1   3 999   2
 462  20   1  24   1   1   2  10   2
 463  10   0  23   1   0   3   2   2
 464 999 999  23   0   1   1  10   3
 465  15   1  25   1   1   1   3 999
 466   8   0  23   1   1 999   5   2
 467  15   1  24   1   0 999   7   3
 468 999 999  23   1   1   3   1   1
 469  11   1  25   0   1   1   7   2
 470   6   0  18   0   1   3   5   2
 471  14   1  23   1   1   4   6   2
 472  17   1  25   1   1   3   7   2
 473   8   0  24   0   1   1   5   3
 474   9   0  23   0   1   3   4   2
 475   6   0  18   0   0 999   7   3
 476 999 999  19   0   1   3 999   1
 477  10   0  23   1   0   1  13   2
 478  13   1  24   1   1   1  10   2
 479   6   0  20   0   0   1   7 999
 480   6   0  20   1   1   3   7   2
 481   6   0  18   0   0   1   8   3
 482   7   0  20   0   1   1  15 999
 483   6   0  20   0   0   2   9   2
 484   9   0  19   1   1   1  15   3
 485  10   0  22   1   1 999  12   3
 486 999 999  18   1   1   2 999   1
 487  10   0  25   0   1   1  13   2
 488 999 999  22   1   1   2   2   2
 489  13   1  25   1   1   1   9   2
 490   5   0  22   0   0   2 999   2
 491   7   0  19   1   0   1  13   3
 492   9   0  22 999   1   3 999   2
 493   8   0  20   1   1   4   8   2
 494 999 999  25   0   0   3  10   3
 495 999 999  19   0   1   1  13   2
 496   6   0  19   1   0   1  16   3
 497   7   0  22   0   0   2  10   3
 498   4   0  23   0   1   1   8   2
 499  17   1  25   1   0   1  11   2
 500  12   1  20   1   0   1  12   3
 501   6   0  19   0   0   3   9   2
 502   7   0  24   0   1   1  14   3
 503   8   0  22   0   1   1   9   2
 504   6   0  20   0   1   1  12   2
 505 999 999  25   1   1   3 999   2
 506   8   0  22   0   1   1   6   2
 507  10   0  19   0   1   1   6   1
 508  21   1  21   1   0   1   8   2
 509 999 999  18   1   1   1  15   2
 510   8   0  25   0   0   1   8   2
 511 999 999  22   1   1   1  11   1
 512 999 999  19   0   1   2   3   2
 513  11   1  21   0   1   1   5   2
 514   6   0  20   0   0   1   7   2
 515   8   0  20   0   0 999   7   3
 516 999 999  18   1   1   1   9   2
 517  17   1  19   1   1   3 999   1
 518  11   1  22   0   1   3 999   1
 519   8   0  22   0   1   4   9   2
 520   8   0  24   0   0   1  12   3
 521   7   0  20   0   1   2   9   2
 522  10   0  20   1   1   3   2   2
 523   8   0  19   0   1   3   7   3
 524   4   0  20   0   1   3   7   2
 525  10   0  23 999   1   1   3   2
 526 999 999  18   0   0   1  11   2
 527  15   1  25   1   1   3 999   1
 528  12   1  22   1   0   1  14   3
 529   8   0  21   0   1 999  12   3
 530   8   0  19   1   0   1  16   2
 531   6   0  22   0   1   4   7   2
 532 999 999  23   0   0   1  11   2
 533   6   0  21   1   1   2  15   3
 534   8   0  22   0   0   1  10   3
 535   9   0  23   1   1   4 999   2
 536  11   1  23   1   1   1   4   2
 537 999 999  21   0   0   3   6   2
 538  13   1  25   1   0   1   7   2
 539 999 999  25 999   0   1  13   3
 540 999 999  24   0   0 999   6   2
 541 999 999  23   1   1   1   7 999
 542 999 999  25   0   1   3 999   3
 543  10   0  25   0   1   3  12   2
 544   9   0  18   1   0   1   8   2
 545   7   0  21   1   1   1  12   2
 546   8   0  20   1   1   1  10   1
 547   9   0  21   0   1   3   8   1
 548 999 999  25   1   0   3   9   3
 549 999 999  18   1   1   1  13   2
 550 999 999  18   0   1   4  14 999
 551   9   0  21   0   1   1  14   2
 552   5   0  19   0   0   1  14   2
 553   8   0  21   0   0   1   6   3
 554   9   0  22   0   0   3  10   2
 555 999 999  19   0   0   3 999   2
 556   6   0  19   0   0   1   8   2
 557   8   0  24   1   0   1  11   2
 558 999 999  19   0   1   1   9   2
 559   9   0  18   0   0   1  10   3
 560 999 999  23   0   1   1   7   2
 561  14   1  22   0   1   1   1   2
 562 999 999  19   0   1   2 999   1
 563 999 999  20   1   1   2   6   2
 564  17   1  24   1   0   1   8   2
 565 999 999  19   1   1   1   6   3
 566   8   0  25   0   0   2  13   3
 567  10   0  23   1   1 999   7   2
 568  10   0  18   1   1   1   6 999
 569   8   0  20   0   1   3 999   2
 570   6   0  21   0   1   1  13   3
 571   9   0  22   0   1   4   8   3
 572   9   0  22   0   1   3  12   2
 573   9   0  19   0   1   1  10   2
 574  14   1  20   0   0   1   7   3
 575 999 999  23   1   1   3   5   1
 576  10   0  19   1   1   1  13   3
 577   6   0  23   0   1   3 999   1
 578   8   0  24   0   1   3  13   3
 579   7   0  21   0   1   3   8   3
 580  10   0  22   0   1   2   6   2
 581   9   0  24   0   1   2   8   2
 582  21   1  25   1   0   4   3   2
 583   7   0  25   0   1   3 999   2
 584   8   0  18   1   0   3 999   2
 585   9   0  24   0   1   3   4   2
 586  14   1  25   1   0   1 999 999
 587 999 999  19   1   1   1   4   2
 588  11   1  20   1   0   3   4   1
 589  12   1  18   1   1   3   1   2
 590  12   1  24   1   1   1  10   2
 591  12   1  23   0   0   1   8   2
 592 999 999  20   1   1   3   3   1
 593  20   1  19   1   1   1  10   3
 594  11   1  22   1   1   1  14   3
 595  11   1  22   1   0   1   5   2
 596  10   0  25   1   1   1  11   2
 597   9   0  25   0   1   1  11   2
 598   6   0  20   0   1   1   4   2
 599  11   1  22   1   0   1   8   1
 600 999 999  25   0   0   1  11   3
 601   6   0  21   0   1 999  10   2
 602 999 999  20   0   1   1 999   2
 603  13   1  24   1   1   3   2   1
 604 999 999  23   0   1   1  12   2
 605   9   0  19   0   1   3   6   2
 606  24   1  18   0   0   1  13   2
 607 999 999  24   0   0   1   9   2
 608   5   0  18   0   1   3   9   3
 609  10   0  22   1   0   2   8   2
 610   8   0  19   1   1   1  10 999
 611   6   0  19   0   1   1  12   2
 612  12   1  24   0   1   3   7   2
 613   7   0  19   0   0   1  14   2
 614  12   1  23   0   1   1 999 999
 615  13   1  24   1   0   1   3   2
 616 999 999  19   1   0   1   2   2
 617 999 999  22   1   0   1   8   3
 618 999 999  25   1   1   2 999   2
 619   8   0  18   1   1   1   7   2
 620   8   0  19   0   1   1  13   2
 621   8   0  21   0   1   2   3   2
 622  13   1  20   1   1   1  11   3
 623   9   0  25   1   0   2   5   2
 624 999 999  19   1   1 999   1   1
 625 999 999  18   1   1   1   2   1
 626  20   1  23   1   1   1   6   3
 627   8   0  20   0   0   1   7   2
 628  11   1  23   1   1   3   5   2
 629  14   1  20   1   1   1   3   2
 630   8   0  24   0   1   4   6   2
 631 999 999  25   1   0   1   7   3
 632   6   0  22   0   1   2  16   3
 633   6   0  21   0   1   1  15   3
 634  10   0  20   1   1   1  13   3
 635   6   0  19   0   1   2   6   2
 636  10   0  21   1   1   1 999   2
 637   8   0  19   1   0   1   7   2
 638  12   1  22 999   0   1  13   3
 639 999 999  22   1   0   1  14   2
 640 999 999  21   1   1   1  13   2
 641 999 999  23   1   1   1   5   2
 642   9   0  23   0   1   1   7   2
 643 999 999  20   1   1   3 999   1
 644   8   0  18   1   0   1  15   2
 645   9   0  20   1   1   1   4   2
 646  14   1  21   0   0   1   7   2
 647  15   1  18 999   0   1  13   3
 648  18   1  24   1   1   1   7   2
 649  24   1  22   0   0   1   2   1
 650 999 999  22   1   1   1   9   3
 651  13   1  25   1   0   3 999   2
 652   6   0  19   0   0   1   8   3
 653   8   0  18 999   0   2   8   2
 654   8   0  20   0   1   1   7   2
 655  11   1  25   0   0   3   9   2
 656  15   1  18   1   1   1  13   2
 657   9   0  24   0   0   1   7   2
 658   8   0  22 999   1   1   8   2
 659  11   1  18   1   1   1   3   1
 660  12   1  22   1   1   1 999   2
 661   8   0  24   1   1   1   9   3
 662 999 999  18   1   1   1   1   2
 663  13   1  25   0   0   1   8   2
 664   8   0  24   0   0   1  16   3
 665   9   0  21   0   0   1   5   1
 666   9   0  19   0   1 999   6 999
 667  14   1  22   1   1 999   8   2
 668   8   0  20   0   0   1   4   2
 669  17   1  22   1   1   1   6 999
 670 999 999  20   1   1 999   9   3
 671 999 999  19   0   1   3   7   2
 672   5   0  25   0   0   2   9   3
 673 999 999  21   1   0 999 999   3
 674  15   1  22   1   1   1   5   2
 675   8   0  22   0   0   2 999   3
 676  13   1  24   0   1   1   8   2
 677  17   1  19   1   0   1   7   2
 678   9   0  19   1   1   1   8   2
 679 999 999  20   0   1   1   6   2
 680  12   1  24   1   1   3 999   1
 681   8   0  20   0   1   1  16   2
 682 999 999  21   0   1 999   4   2
 683   8   0  24   0   0   4   8   2
 684  15   1  21   1   0   4   6   2
 685  17   1  23   0   0   2   8   2
 686   7   0  22   0   1   3  12   2
 687   9   0  25   1   1   3   9   2
 688   8   0  23   1   1 999 999   2
 689   8   0  18   1   1   1  12   3
 690  11   1  24   0   0 999 999   3
 691   6   0  22   0   0   4   9   1
 692   7   0  18   0   0   1   9   3
 693  17   1  20   0   1 999   6   2
 694   9   0  25   0   1   1  15   2
 695  11   1  25   0   0 999   8   2
 696   8   0  18   1   0   4   9   1
 697   7   0  18   0   1   1   3   3
 698  11   1  22   1   0   1   8   2
 699   8   0  24   0   1   1  15   3
 700   9   0  19   1   0   1   9   2
 701   6   0  19   0   1   3   3   2
 702  11   1  22   1   1   1   6   2
 703   6   0  20   0   1   1  14   2
 704   6   0  20   0   0   1   5   3
 705  12   1  22   0   0   1   8   2
 706   8   0  18   1   1   1   9   2
 707  10   0  19   0   1   1  13   2
 708  11   1  23   1   0   1   9   2
 709   8   0  19   1   1   3   4   2
 710   5   0  23   0   1   2  15   3
 711   6   0  18   0   0   1  14   2
 712   9   0  22   0   1   4   6   2
 713  18   1  20 999   0 999   5   2
 714 999 999  23   0   1   1   9   2
 715   9   0  24   0   1   1   7   2
 716   9   0  20   1   0   1  12   2
 717  13   1  25   1   0   1  10   1
 718  13   1  25   1   1   2   5   2
 719 999 999  20   0   0   1  12   3
 720   9   0  23   0   1   1 999   2
 721  20   1  25   0   1   1   6   2
 722   8   0  19   0   1   3   5   2
 723   6   0  22   0   1   1  12   2
 724 999 999  24   1   0   1   9   2
 725  12   1  21   1   0   3 999   2
 726   7   0  18   1   1   3  10   1
 727   8   0  18   1   1   1  10   2
 728   7   0  22   0   0   3 999   2
 729   8   0  23   1   0   1  13   3
 730   7   0  19   0   1   1  10   2
 731 999 999  18   0   1 999   5   2
 732   9   0  25 999   0   1 999   1
 733   7   0  20   0   1   1  10   2
 734   8   0  21   1   0   4  12   2
 735 999 999  21   1   1   1 999   3
 736   6   0  20   0   1   1   8   2
 737   8   0  20   0   0   3 999   1
 738  20   1  25   1   0   1  12   2
 739  21   1  24   0   1   1   8   3
 740   9   0  21   1   1   1   5   2
 741   8   0  24   0   0   3  10   2
 742 999 999  22   1   1   3   2   1
 743 999 999  21   0   1   4   9   2
 744  12   1  22   1   1   1   8   3
 745 999 999  18   0   1   3   9 999
 746   6   0  21   0   1   2  10   3
 747   8   0  20   0   1   4  15   3
 748  10   0  21   1   0   1  10   2
 749   5   0  25   0   1 999 999   3
 750   8   0  19   1   1   3   6   1
 751   6   0  20   0   1   4  12   2
 752   9   0  22   0   1   1   6 999
 753   9   0  24   1   0   3   8   2
 754   5   0  19   0   0   4   5   3
 755  13   1  24   1   1   1  10   3
 756   6   0  18   0   1   1  15 999
 757  11   1  25   0   1   1   9   2
 758   8   0  24   0   1   1  10   3
 759  11   1  20   1   1   1   1   2
 760 999 999  21   0   1   1   4   2
 761   9   0  23   0   1   3   8   2
 762   5   0  18   0   1   1  10   3
 763   5   0  20   0   1   1  17   3
 764 999 999  22   0   1   3 999   1
 765   8   0  23 999   0   3   5   2
 766  10   0  24   0   0   4   7   1
 767  13   1  22   1   1   1 999   2
 768   6   0  18   1   1   4   7   3
 769 999 999  19   1   0   1   4   2
 770   5   0  19   0   1   3  14   3
 771   7   0  18   0   1   1   7   2
 772  10   0  20   1   0   1   5   2
 773 999 999  19   1   1   3 999   2
 774   7   0  22   1   1   3   6   3
 775  10   0  24   0   1   3  13 999
 776   8   0  18   0   1   1  10   2
 777  17   1  24   1   0   4   3   2
 778  12   1  20   0   0   1  11   3
 779  12   1  23   0   0   1   7   2
 780 999 999  25   0   1   4   5   2
 781   8   0  21   0   1   1   4   2
 782   9   0  21   0   0   4   6   2
 783   7   0  21   0   1   1   7   3
 784  11   1  25   0   0   1   9   2
 785  13   1  23   0   1 999   8 999
 786 999 999  22   1   1   3   7   3
 787   8   0  19   0   1   2   8   3
 788  13   1  25   0   1   2   2   3
 789   8   0  23   0   1   4   7   3
 790 999 999  25   1   1 999   7   2
 791   8   0  18   0   1   1   8   3
 792   6   0  24   0   1   2  17   3
 793   8   0  23   0   0   1  10   2
 794  14   1  24   1   1   2   8   2
 795 999 999  18   0   1   3   9   3
 796  13   1  21   0   1   1 999   3
 797  14   1  23   0   1 999  13   3
 798   7   0  22   0   0   1  16   3
 799 999 999  18   0   0   1   5   1
 800   8   0  18   1   1   1 999   3
 801  13   1  25   0   1   3   9   2
 802 999 999  25   0   1   2   8   2
 803  12   1  25   0   1   4   8   2
 804   8   0  25   0   0   1  11   3
 805   8   0  25   0   0   3   3   1
 806  10   0  20   1   1   3  11   2
 807  12   1  23   1   0   4   9   2
 808   6   0  21   1   0   1  11   3
 809  12   1  24   0   0   3   6   2
 810  26   1  25   0   0   1   7   2
 811  12   1  24   1   1   1  15   3
 812   8   0  22   1   0   4   6   3
 813  12   1  22   1   0   1   7   3
 814  12   1  19   0   1   3 999   2
 815   6   0  23   1   0   1 999   2
 816  11   1  18   0   1 999   5   2
 817   8   0  19   0   0   1 999   2
 818  18   1  24   1   0   1  12   2
 819  14   1  25   0   1   1   9   2
 820  14   1  24   1   1   1   8   3
 821 999 999  20   1   0   1  10   2
 822  15   1  22   1   1   3 999   1
 823 999 999  21   0   0   4   7 999
 824  11   1  25   0   1   3 999   2
 825   7   0  20   0   1 999   9   2
 826  11   1  18   0   0   1  10   2
 827   8   0  20   1   1 999   8   3
 828   9   0  20   1   1   1   8   2
 829  26   1  19   1   1   1   7   2
 830 999 999  21   0   1   1 999   3
 831  12   1  23   1   1   1  10   2
 832 999 999  20   1   1 999 999   1
 833 999 999  23   1   1   1   8   2
 834 999 999  21   1   1   1 999   2
 835   5   0  18   1   0   1   5   2
 836   8   0  18   1   1   1   9   2
 837   7   0  19   0   1   3 999   1
 838   5   0  19   0   0 999  15   3
 839   8   0  21   0   1   1  13   3
 840   8   0  23   0   1   3   9   3
 841   7   0  20   0   1   1   9   3
 842  18   1  21   1   0   1   9   2
 843   7   0  18   1   0   1  11   2
 844   5   0  18   0   1   2  12   3
 845   7   0  24   0   0   1   6   2
 846   5   0  20   0   1   1  11   3
 847   7   0  20   0   1   3 999   2
 848  11   1  24   1   0   1   9   2
 849 999 999  20   0   0   1   5   2
 850  15   1  21   0   0   1   6   2
 851   8   0  23   1   1   1   3   3
 852 999 999  24   1   0   2  13   2
 853 999 999  25 999   1   1   9   2
 854   8   0  23   0   1   3   8   2
 855 999 999  20   1   1   4   3   2
 856  11   1  23   0   0 999 999   2
 857   6   0  20   0   0   4   9   2
 858 999 999  18   1   1   1   8   2
 859   8   0  20   1   1 999  10   2
 860 999 999  18   1   0   1   4   2
 861  14   1  20   1   0   1   7   2
 862  11   1  25   0   1   1   7   2
 863 999 999  22   0   1   1  12   2
 864   8   0  19   0   1   1  13   2
 865 999 999  18   0   1   1  12   3
 866  15   1  25   0   1   2  10   2
 867   6   0  21   0   0   1  10   2
 868  10   0  24   1   0   1  12   2
 869   9   0  23   1   0   3  13   1
 870 999 999  23   0   1   1   9   2
 871   8   0  18   1   0 999   6   2
 872   7   0  20   0   0   1   7   2
 873 999 999  18   0   1   3   6   2
 874  10   0  25   0   1   2   5   2
 875  10   0  24   0   1   3   7 999
 876  11   1  24   1   1   1   4   2
 877   7   0  18   0   0   1   9   2
 878   8   0  18   1   1   1   5   2
 879  12   1  21   1   0 999   5   2
 880   8   0  19   1   1   2 999   2
 881   9   0  24   0   1   1  11   3
 882  14   1  24   1   1   1 999   2
 883  14   1  23   0   1   4   5   2
 884  12   1  23   1   1   2   8   1
 885   8   0  19   1   1   1   7   2
 886   7   0  18   1   1   3  12   3
 887   6   0  24   0   0   3 999   2
 888 999 999  21   1   1   2   7   2
 889 999 999  22   0   1   4  15   3
 890  10   0  20   1   1 999 999   2
 891  21   1  24   1   1   1   9   2
 892  14   1  24   1   1 999   4   2
 893   7   0  19   0   0   1   8   3
 894  21   1  23   1   1   1  10   3
 895   8   0  21   0   0   3  10 999
 896  12   1  20   1   1   1  15   2
 897  11   1  21   1   1   2   4   1
 898   6   0  21   0   1   1  11   2
 899  17   1  23   1   1   4   6 999
 900 999 999  25   1   1   3   9   2
 901 999 999  19   1   0   3   7   2
 902   8   0  21   1   0   1   7   2
 903   8   0  22   0   1   1  11   3
 904 999 999  23   1   1 999   9   1
 905  18   1  24   1   1   1   2   2
 906  10   0  25   0   1   1  12   3
 907   8   0  20   0   0   1  11   3
 908 999 999  24   1   1   3 999   3
 909   9   0  25   1   1   4   7   1
 910  10   0  22   0   0   1   9   3
 911 999 999  18   1   1   1   9   2
 912  18   1  25   1   0   1   6   2
 913 999 999  24   0   1   1  13   2
 914   6   0  19   0   1   4   8   2
 915 999 999  20   0   0   1   7   2
 916  18   1  21   1   1   1   8   2
 917   5   0  18   0   1   2  15   2
 918   8   0  19   0   1   1   4 999
 919  18   1  25   0   1   1   6   2
 920  11   1  24   0   0   3   9   1
 921   5   0  19   0   1   3   9   2
 922 999 999  25   0   1   1  14   3
 923  10   0  20   1   1   3   6   2
 924   8   0  22   0   1   1  14   2
 925   6   0  19   0   1 999  10   2
 926   8   0  19   0   1   1 999   3
 927  15   1  25   0   0   1   5   2
 928 999 999  19   1   0 999   6   1
 929 999 999  25   1   1   1  11   2
 930   6   0  25   0   0   1  13   3
 931   8   0  21   1   1   1   9   2
 932   6   0  19   0   1   1   6   3
 933   8   0  18   0   1   3 999   2
 934   5   0  19   0   0   1  12 999
 935   7   0  20   0   1   1  15   2
 936   9   0  25   0   1   1   7   2
 937  12   1  24   0   1   2   6   2
 938  15   1  20   1   1 999  10   1
 939  10   0  23   0   1   1   4   2
 940 999 999  18   0   1   3   5   1
 941 999 999  21   1   0   1  12   3
 942   8   0  20   1   1   1   4   2
 943 999 999  21   0   1   2   4   2
 944  18   1  21   1   0   3   3   1
 945   6   0  22   0   0   3   8   3
 946   7   0  25   1   0   4  11   2
 947 999 999  23   1   0   1   9   2
 948   9   0  23   1   1   1   6   2
 949 999 999  24   1   1   1   5   2
 950  14   1  23   1   1   1   8   2
 951   8   0  21   1   1 999   9   3
 952 999 999  25   0   0   1   8   2
 953 999 999  23   0   0   4   3   2
 954  11   1  23   1   0   4   7   1
 955  12   1  24   1   1   3   9   2
 956 999 999  20   0   1   3   8   2
 957   9   0  21   0   1   1  10   2
 958 999 999  25   1   0   1   3   2
 959   7   0  20   0   0   3   8 999
 960  13   1  25   1   0   1   8   3
 961  15   1  20   1   1   1   5   3
 962  14   1  25 999   1   2   8   3
 963   7   0  22   0   0   1 999   2
 964   6   0  22   0   1   1  13   3
 965 999 999  22   1   1   1  11   2
 966 999 999  24   1   0   1   8   2
 967  17   1  22   1   1   1   9   3
 968 999 999  23   1   0   1   5   2
 969  10   0  20   1   1 999   6   1
 970 999 999  24   1   1   1   8   1
 971  11   1  25   1   1 999  11   3
 972 999 999  21   1   1   1   8   2
 973  10   0  24   1   0   1  10   3
 974   6   0  21   0   0   1  14   3
 975   8   0  21   0   1   1   9   3
 976   8   0  20   0   1   1  15   3
 977  10   0  23   1   1   1 999   3
 978   9   0  20   1   1   1  13   3
 979  12   1  21   1   0   3   7   2
 980  13   1  18   1   0   2   6   2
 981   8   0  18   1   0   1  10   2
 982  15   1  25   1   0   1   9   3
 983   6   0  20   0   1   1  14   2
 984  13   1  21   0   0   1 999   1
 985 999 999  22   0   0   2   7   1
 986 999 999  22 999   0   1   4   2
 987   6   0  23   0   0   3   5   2
 988  10   0  25   1   1   1   5   3
 989  10   0  25   0   0   1 999   2
 990  12   1  20   0   1   1  10   3
 991   6   0  18   1   0   1   7   2
 992  10   0  24   0   0   2  11   3
 993   6   0  21   0   0   1   8   3
 994   7   0  22   0   1 999  10   3
 995   4   0  21   0   0   1   7   3
 996  12   1  23   0   0   4   9   2
 997  10   0  22   1   1   3   6   2
 998  14   1  20   1   1   1  11 999
 999   6   0  21   0   0   1  11   2
1000   8   0  25   1   0   1  13 999
1001   5   0  23   0   1   3   9   3
1002  10   0  22   0   0   2   8   2
1003   8   0  25   0   1   3 999 999
1004  11   1  23   1   1   3  10   2
1005   8   0  18   1   0   1   5 999
1006   6   0  24   0   0   1   9   3
1007  13   1  22   1   1 999   2   1
1008 999 999  21   0   1   3  10   1
1009 999 999  18   1   0   4  10   2
1010   8   0  21   1   0   2   4 999
1011  13   1  21   1   1   1   9   2
1012   8   0  22   0   1   3  11   2
1013 999 999  25   1   1   1 999   2
1014   6   0  18   1   1   1  10   3
1015 999 999  22 999   1   2   5   2
1016 999 999  18 999   1 999 999   2
1017   6   0  24   0   0   1   7   3
1018   9   0  21   0   0   1   5   2
1019  15   1  25   0   1   1  17   3
1020   8   0  21   0   0   1  10   3
1021   9   0  25   0   0   1  11   1
1022  11   1  18   1   1   1   8 999
1023  18   1  24 999   0   1   8   3
1024   8   0  19   1   0   1   8   2
1025  10   0  25   0   1 999   6   2
1026  18   1  24   1   1   3   5   2
1027  10   0  25   0   0   1   9   2
1028  11   1  25   0   1   1   8   2
1029 999 999  24   0   0   2   5   2
1030 999 999  24   1   0   1  12   2
1031  14   1  24   0   0   1   8   2
1032  10   0  21   1   0   1 999   3
1033   7   0  19   0   1   1  11   2
1034   9   0  24 999   1   1  11   3
1035  12   1  20   0   1   1   9   2
1036   9   0  25   0   1   3  14   2
1037  13   1  25   1   1   1  16   2
1038   7   0  21   1   1   1  11   2
1039 999 999  19   1   1   3   9   2
1040  12   1  22   1   1   3  10   2
1041 999 999  21   1   1   1  10   2
1042 999 999  22   1   1   1 999   2
1043   8   0  19   1   0   1   6   2
1044   8   0  19   0   0   1   5   1
1045   6   0  19   0   0   1  12   3
1046   6   0  19   0   1   1   8   2
1047  18   1  25   1   1   1   9   2
1048  10   0  25   0   1   4 999   2
1049   6   0  20   0   1   4 999   1
1050   8   0  19   0   1   3   7   2
1051   7   0  19   0   0   1  12   2
1052  14   1  25   0   0   3   9   3
1053   7   0  21   0   0   3  11   2
1054 999 999  25   1   1   1  14   3
1055 999 999  18   0   0   1  10   2
1056   5   0  24   1   1   1 999   2
1057 999 999  19   0   1   1 999   2
1058  12   1  21 999   1   2  13   2
1059   9   0  20   0   0   1 999   2
1060  12   1  24   0   0   1   9   3
1061 999 999  21   0   1 999   9 999
1062  13   1  22   0   0   1  10   2
1063   8   0  25   0   0   3  15   3
1064   6   0  20   1   1   2   7   2
1065   7   0  18   0   0   1  10   2
1066  14   1  21   1   1   3  10   2
1067 999 999  22   0   1   1 999   2
1068   6   0  21   0   1   1   6   2
1069   9   0  18   1   0   1  10   2
1070   6   0  18   0   1   2   9   3
1071   9   0  22   0   0   1  10   3
1072   5   0  20   0   1   1   6 999
1073   8   0  23   0   1   1   9   3
1074 999 999  18   0   1   2 999   3
1075   8   0  19   1   1   3   4   1
1076   6   0  18   0   0   1  11   2
1077   6   0  21   0   0   1 999   3
1078  12   1  24   1   1   1   8   3
1079  11   1  21   1   0   1   6   2
1080  24   1  24   1   0   3   5 999
1081  12   1  23   1   1   3  15   3
1082  15   1  25   0   1   1   7 999
1083  11   1  23   0   1   2 999   2
1084   9   0  22   1   0   3 999   1
1085   9   0  22   1   0   3   9   1
1086 999 999  23   1   0   3 999   3
1087   8   0  22   0   1   3   9   2
1088   5   0  18   0   0 999  13   2
1089 999 999  21 999   1   1   4   2
1090   6   0  19   0   0   4  10   2
1091 999 999  23   1   0   3   8   2
1092  12   1  21   1   1   1   5   2
1093  17   1  19   0   0   1  13   2
1094 999 999  19   1   1   1   7   2
1095  18   1  25   1   0   1  12   3
1096   7   0  24   0   1   1  14   2
1097   6   0  23   1   1   1  12   2
1098  13   1  18   1   0   1 999   2
1099 999 999  20 999   1   4 999   3
1100  21   1  21   1   0   3   8   3
1101 999 999  22   0   1   1   8   2
1102   7   0  20   0   1   4   9   2
1103   7   0  20   0   0   1 999   2
1104   6   0  23   0   1   1  12   3
1105  13   1  24   1   1   1  10   2
1106  17   1  25   1   0   1  12   2
1107   9   0  23   0   0   1   9   3
1108   7   0  24   0   1   1  10   2
1109   6   0  25   0   1   1   8   3
1110   7   0  20   1   0   3   3 999
1111 999 999  20   0   0   1   5   2
1112  15   1  25   1   1   1  13   3
1113  10   0  21   0   1   1   6   2
1114  13   1  23   1   1   2   9   3
1115 999 999  22   1   0   3  11   2
1116   9   0  22   0   1   4   6   1
1117  12   1  24   0   0   1  14   2
1118  12   1  21   1   0   1   7   2
1119 999 999  23   1   0   4   8   2
1120  12   1  24   1   0   3   7   2
1121 999 999  19   0   0   1   3   2
1122 999 999  21   1   0 999   9   2
1123   6   0  19   0   1   1   9   3
1124 999 999  24   1   0   1   7   3
1125  12   1  23   1   1   3   5   2
1126  14   1  22   1   0   3   8   2
1127   7   0  20   0   1   1  10 999
1128 999 999  18   1   1   3   2   2
1129  14   1  24   0   1   1  11   2
1130   8   0  25   0   0   1   8   3
1131  14   1  23   1   0   3   7   1
1132  26   1  19   1   0   1   4   2
1133  23   1  24   1   1   2 999   2
1134 999 999  25   0   1   1  13   3
1135   5   0  18   0   1   3   6   2
1136  12   1  23   1   0   1   7   2
1137 999 999  20   1   0   1  11   2
1138   9   0  21   1   1   3 999   2
1139  10   0  24   1   0   4   6   3
1140  15   1  24   0   1   3   5   2
1141 999 999  22   0   1   1   8   2
1142 999 999  22   0   1   3 999   1
1143   8   0  20   0   1   1  10 999
1144 999 999  22   0   1   3   3   2
1145 999 999  23   1   0   1  10   2
1146   7   0  22   0   0   1  10   3
1147 999 999  24   0   1   1   8   2
1148   8   0  23   0   1   2   7   2
1149   6   0  21   0   0   1   6   2
1150  10   0  25   0   0   1 999   3
1151   8   0  22   0   1   1  11   3
1152 999 999  24   0   0   3 999   2
1153   8   0  23   0   1 999   6   2
1154   9   0  24 999   0   2   8   3
1155  11   1  23   1   0   3   5   1
1156  11   1  19   0   0   4   4   2
1157  13   1  24   1   0   1   7   2
1158 999 999  24   1   0   2  11   2
1159  11   1  25   0   1   3   7   3
1160 999 999  19   0   0   1  10   2
1161  11   1  20   1   1   3   5   2
1162  14   1  24   0   1   1   5   2
1163  14   1  24   1   0   1  11   3
1164   7   0  21   0   0   4   6   3
1165 999 999  25 999   1   1  10   3
1166 999 999  24   1   0   1   6   3
1167  14   1  23   1   1   1   9   2
1168   6   0  21   0   1   2   8   3
1169 999 999  25   0   0   1   9   2
1170  10   0  25   1   0   3   9   3
1171   5   0  20   0   0   2  12   3
1172   8   0  21   0   0   2  10   2
1173   6   0  19   1   0   1   8   2
1174  14   1  21   1   1   3   5   3
1175   6   0  20   0   0   4   5   2
1176   8   0  21   0   1   1  12   3
1177 999 999  19   0   1   3 999   2
1178  24   1  21   1   0   1   3   2
1179   8   0  23   0   0   1   6   1
1180  11   1  24   1   1   1  11   2
1181   5   0  19   0   0   1  11   3
1182 999 999  18   1   0   3   7   2
1183   8   0  18   0   0 999   8 999
1184 999 999  25   1   1   3   4   2
1185 999 999  22   1   1   1   9   3
1186   8   0  20   0   1   1  10   2
1187   8   0  24   1   1   1  11   2
1188 999 999  23   0   0   1   4   2
1189  11   1  25   1   0   3   9   3
1190   8   0  23   0   0   3   7   2
1191   9   0  19   0   1   2  10   2
1192  24   1  23   1   1   1  14   3
1193 999 999  20   0   1   1   6   3
1194   9   0  24   0   0   4   9   2
1195   8   0  18   1   1   3 999   2
1196   6   0  19   0   1   3   1   2
1197   8   0  21   1   1   1  12   2
1198 999 999  18   0   1   1   7   2
1199  14   1  25   1   1   3  15   2
1200   8   0  19   0   1   4   1   1
1201 999 999  19   0   1   1   6   2
1202 999 999  22   0   0   1   7   2
1203   6   0  18   0   1   1  10   2
1204 999 999  21   0   1   1  10   2
1205  10   0  23   0   1   1 999   2
1206   9   0  23   1   0   1   8 999
1207   8   0  20   1   0   2  12   2
1208 999 999  19   1   1   1   7   2
1209  11   1  20   1   1   1   4   2
1210   6   0  23   0   0   2   9   2
1211  13   1  21   0   0   4  10   2
1212  12   1  22 999   0   1   7   2
1213   7   0  24   0   0   4   7   2
1214 999 999  19   1   1   1   8   3
1215  10   0  22   1   0   2 999   2
1216   8   0  23   0   0   1  10   3
1217   8   0  21   0   1   1   6   2
1218  10   0  25   0   1   1   6   2
1219  17   1  25   1   1   1  10   3
1220   8   0  18   1   1 999   7   2
1221 999 999  19   0   0   1   7 999
1222  10   0  24   0   1   1   8   2
1223  12   1  25   1   0   3   3   1
1224   7   0  18   1   1   3  11   2
1225  12   1  19   1   0   1   7   2
1226   9   0  22   1   1   1   6   2
1227 999 999  23   1   0   3   6   2
1228  17   1  24   1   0   1   8   2
1229  13   1  24   1   1   1   9   2
1230   9   0  23   0   0   1   5   2
1231  11   1  24   1   1 999   8   2
1232   9   0  21   0   0   3   7   1
1233   8   0  22   0   0   1 999   3
1234   8   0  19   0   0   1  12   3
1235  10   0  22   0   0 999  10   3
1236   8   0  19   0   0   2 999   3
1237   7   0  20   0   1   1   8   3
1238   6   0  18   0   0   1   9   2
1239 999 999  18   1   1   2   5   2
1240   7   0  22   0   1   3   7   3
1241  13   1  22   0   1   1   9   2
1242 999 999  19   0   0   1   9   2
1243  12   1  23   1   1   2   4   2
1244   8   0  22   0   1   3   5   2
1245   5   0  18   0   0   1   7   3
1246   5   0  19 999   1   3   6   2
1247  12   1  19   1   0   1 999   2
1248  18   1  24   1   0 999   7   1
1249 999 999  24   1   1   2   5   2
1250   9   0  20   0   1   1  13   3
1251   8   0  19   0   0   2  10   3
1252  11   1  21   0   0   1   7   2
1253  17   1  21   1   0   1   8 999
1254  11   1  21   0   1   3   6   2
1255   9   0  24   0   0   2   5   2
1256 999 999  20   1   1   1  15   3
1257  14   1  18   0   0   3   8   2
1258  10   0  25   0   0   1  12 999
1259   8   0  24 999   1   1   9   3
1260   4   0  23   0   1   4   8   3
1261 999 999  20   1   1   1  10   3
1262  11   1  21   1   1   3   5   2
1263   5   0  25   0   0   4  13 999
1264  10   0  22   1   0   3   9   2
1265 999 999  22   0   0   3   5   2
1266   8   0  20 999   1   1  10   2
1267 999 999  22   1   1   2  10   3
1268   8   0  25   0   1   1 999   3
1269  13   1  19   1   1   1  10   2
1270   7   0  20   0   1   1  11   2
1271   7   0  22   0   1   3   6   3
1272   8   0  18   0   1   1 999   2
1273   9   0  24   0   0   1   9   2
1274   6   0  22   0   0   1  15   2
1275  11   1  25   0   0   1  11   3
1276  14   1  24   1   0   2  10   2
1277   7   0  21   1   0   3  10   2
1278  21   1  18   1   0   4  11   2
1279  10   0  24   0   1   1  13   2
1280   8   0  19   0   0   1   4   1
1281  10   0  25   0   0   2   7   2
1282  11   1  25   1   0   1  13   2
1283  11   1  20   1   1   3   6   1
1284  10   0  25   0   1   2   9   2
1285  11   1  24   1   0   1   7   2
1286 999 999  23   0   0   1   7   2
1287   8   0  20   0   0   2 999   2
1288   8   0  22   0   1   3   3   2
1289   8   0  24   1   0 999 999   2
1290   8   0  23   0   1   3  10   2
1291   9   0  21   0   1   1   3   3
1292  10   0  23   0   1   1   3   2
1293   7   0  22   0   1   1   6   3
1294   6   0  23   0   1   1   8   2
1295   5   0  18   0   1   3   2   2
1296   9   0  25   0   0   1   5   2
1297  14   1  23   0   1   1  20   3
1298  14   1  25   0   1   2  10   2
1299   9   0  22   0   1   1  12   3
1300   5   0  23   0   0   1  11   3
1301  13   1  25   0   1   4   5   2
1302 999 999  19   0   0   3   8   2
1303  10   0  20   1   0   2   6   2
1304 999 999  18   1   1   3   4   1
1305 999 999  19   1   1   1  10   3
1306 999 999  18   0   1   1   8   3
1307   9   0  23   0   1   1  14   3
1308   6   0  25   0   0   1  14   3
1309 999 999  18   0   1   1   9   3
1310 999 999  25   1   1   3 999   3
1311  11   1  22   1   0   1   5   3
1312  12   1  24   1   1   3   6   2
1313   8   0  22   0   1   1  15   3
1314  14   1  19   1   0   1  10   3
1315   6   0  19   0   0   1   8   1
1316   8   0  20   0   1   1  11 999
1317  17   1  21   1   1   1   6   2
1318  12   1  24   0   1   3  11   3
1319 999 999  23   0   1   2 999   2
1320 999 999  22   1   1   1   4   2
1321   6   0  18   0   0   1  10   3
1322  12   1  22   0   0   1   5   2
1323   6   0  23   0   1   3  10   3
1324   8   0  18   1   1 999   8   2
1325   8   0  20   1   1 999  11   3
1326   7   0  23   1   1   2 999   3
1327   6   0  18 999   0   3   8   2
1328   7   0  19   0   1   1   6   3
1329   6   0  22   0   0 999   9   2
1330  17   1  22   0   1   3  12   3
1331   7   0  18   1   1   2 999   1
1332 999 999  20   0   0   2  11   3
1333  23   1  19   1   0   1   5   1
1334   5   0  21   0   0   1  13   2
1335   6   0  22   0   0   4 999   2
1336   8   0  18   1   0   1  10   3
1337 999 999  23   1   1   4 999   2
1338   6   0  18   0   0   1   7   2
1339   6   0  22   0   1   2  10   3
1340  13   1  23   1   0   1   9   2
1341   8   0  21   0   1   3   8   2
1342 999 999  23   1   1   3   5   2
1343 999 999  19   0   1 999   2   1
1344  10   0  20   1   1   1   5   3
1345   9   0  22   0   0   3   8   3
1346   7   0  22   1   0   1 999   2
1347   7   0  19   1   1   2  10   2
1348   8   0  21   0   0   1   8   3
1349   8   0  25   0   1   3   4   2
1350 999 999  25   0   0 999  10   3
1351   8   0  22   1   1   2 999   2
1352  10   0  23   1   1   1  13   2
1353  13   1  25   1   0   1   6   3
1354   6   0  20   0   0   1  10   3
1355  18   1  24   1   1   3   1   1
1356  11   1  23   0   1   2   9   2
1357   9   0  18   1   1   1  13   2
1358  14   1  25   1   1   3   8   2
1359  13   1  18 999   1   1 999   2
1360  13   1  24   1   1   3   1 999
1361   7   0  18   1   1   1   8   2
1362   4   0  23   0   1   2   5   2
1363   9   0  23   0   0   1  12   3
1364   6   0  20   0   1   4 999   3
1365   8   0  20   1   0   4   8   3
1366 999 999  19   1   1   1   7   3
1367  11   1  23   0   0   2   5   2
1368  12   1  23   1   1   3   6   2
1369 999 999  24   1   1   1 999   2
1370  12   1  20   0   0   3   8   3
1371   9   0  21   1   0   2  10   3
1372   6   0  24   0   1   3   7   2
1373   8   0  20   1   0   3 999   2
1374 999 999  21   0   1   1   6   2
1375   9   0  23   1   0   1   5   3
1376   7   0  21   1   1   1 999   3
1377  10   0  22   1   0   3 999   2
1378  13   1  24   0   0 999   9   2
1379   8   0  19   1   1   1  10   3
1380  11   1  22   1   0   2   6   2
1381  10   0  22   0   1   1 999   2
1382  10   0  25   0   1   2  12   2
1383   7   0  18   1   0   1   5 999
1384   9   0  25   1   1   1   7   3
1385   6   0  20   0   1   1  11   3
1386   5   0  23   0   1   1  16   3
1387 999 999  23   1   0   1 999   2
1388   7   0  25   0   1   2  11   2
1389  13   1  24   1   1   3   6   2
1390   6   0  18   1   1   3   7   2
1391  17   1  22   1   1   1  13   3
1392   6   0  21   0   0   4   6   2
1393 999 999  19   0   0   1 999   2
1394 999 999  22   0   0   1  10   3
1395 999 999  19   1   0   3   9   2
1396  14   1  25   0   1   1   8   2
1397   8   0  18   0   1   1  13   2
1398  10   0  24   1   1   1  10   2
1399  12   1  23   0   0   4   7   2
1400  12   1  18   1   0   4  10   1
1401   8   0  20   1   1   2   4   2
1402  13   1  24   1   0   3   7   1
1403   8   0  22   0   1 999  10   1
1404  15   1  22   0   0   1   9   3
1405   8   0  21   1   0   2   7   2
1406   7   0  20   0   1 999  13   2
1407   9   0  20   0   1   1   9   2
1408   6   0  18   0   1   1  12 999
1409   9   0  18   0   0   3   5   2
1410  17   1  24   1   0   1   3   2
1411   6   0  20   0   0   1  11   3
1412  13   1  25   0   1   4   9 999
1413   8   0  18   1   0   3   8   2
1414   8   0  20 999   1   1  14   2
1415  13   1  23   1   1   1  11   3
1416 999 999  21   1   1   3 999   2
1417  21   1  25   1   1   3   3 999
1418  10   0  19   1   1   1   3   2
1419   8   0  18   1   1   1  12   2
1420   9   0  20   1   0   1  12   2
1421 999 999  24   1   1   4   5   2
1422  10   0  24   0   0   4   8   2
1423  11   1  22   0   1   3   6   2
1424 999 999  18   0   1   1   6 999
1425   6   0  19   0   0   1  10 999
1426   9   0  24   0   1   1 999   3
1427  13   1  22   1   0   3 999   2
1428   8   0  21   0   0   4   8   2
1429  11   1  25   0   1   3  11   2
1430   5   0  24   0   1   1  18   3
1431 999 999  24   0   1   3   8   2
1432   7   0  19   1   0   1  11   3
1433   7   0  22   0   1   3  10   2
1434   9   0  20   1   1   1   5   2
1435  13   1  19   1   0   1   3   2
1436   8   0  21   1   1   1  12   2
1437 999 999  19   1   0   3   6   2
1438  20   1  22   1   1   1   8   2
1439   9   0  21   1   1   1   8   3
1440 999 999  18 999   0   3   6   2
1441   6   0  23   0   0   1  11   3
1442  15   1  25   0   1   1  10   2
1443  26   1  25   1   0   1 999   2
1444 999 999  19   0   1   4  10   2
1445   9   0  20   1   0   2   1   1
1446 999 999  20   0   0   1   7   3
1447   6   0  19   0   1   4  16   2
1448 999 999  19   1   1   2   7   2
1449 999 999  20   0   1   1  11   3
1450   5   0  18   0   1   1  10   3
1451  13   1  24   1   1   3   5   2
1452  11   1  18   0   1   4   7   2
1453  20   1  23   0   1   1   5   2
1454  12   1  25   1   1   1 999   2
1455  10   0  23   1   0   1  14   2
1456  10   0  24   1   0   1 999   3
1457  10   0  19   0   1   1 999   2
1458  11   1  22   1   0   1  10   2
1459  10   0  22 999   0   1   6   2
1460   6   0  19   1   1 999   6 999
1461   8   0  19   1   1   1 999   2
1462   5   0  21   0   0 999   3   2
1463  10   0  20   1   1   2   3   2
1464 999 999  25   1   1   1   4   3
1465  15   1  18   1   1   1   8   2
1466   7   0  19   0   0   1  12 999
1467 999 999  22   1   1   1   7   2
1468   6   0  18   0   0   1 999   2
1469  11   1  23   0   1   3   4   1
1470  12   1  24   0   0   1  13 999
1471  13   1  22   1   1 999   8 999
1472  12   1  25   0   1   1  12   3
1473   9   0  25   1   0   2  11   2
1474   8   0  25   0   1   1  11 999
1475   9   0  20   1   1   4   1 999
1476 999 999  19   0   0   1  11   2
1477 999 999  20   1   1   4  10   2
1478   9   0  21   0   1   1  13   3
1479 999 999  22   0   0 999   7   3
1480 999 999  20   0   0   1   8   3
1481   9   0  22   0   1   1  10   2
1482   7   0  20   0   1   4  10   2
1483   9   0  21   0   0   1  10   2
1484   8   0  19   0   1   3   1   2
1485   6   0  18   0   0   1   6   3
1486 999 999  24   0   1   3   8   2
1487  10   0  24   0   1   4   7   2
1488  11   1  21   0   1   1   8   2
1489   8   0  25   0   1   2  10   2
1490  10   0  24   1   1   3  12   3
1491  17   1  25   1   1   1  13   1
1492 999 999  19   1   0   1 999   2
1493   7   0  18   1   1   1  12   2
1494   9   0  22   0   1   1   5   2
1495   9   0  25 999   0   1   4   2
1496   8   0  21   0   0   3 999   1
1497  17   1  20   1   0   1   6   1
1498   6   0  23   1   0   3   3   2
1499  12   1  20   1   0   1   3   2
1500   6   0  24   0   1   1   6   3
1501   6   0  21 999   1   3   8   2
1502   7   0  20   0   0   1   7   1
1503   3   0  18   0   0   4  17   3
1504   6   0  24   0   1   2  11   2
1505  15   1  22   1   1   3   6   2
1506  11   1  22   1   0   1  11 999
1507  10   0  24   1   1   3  14   3
1508  10   0  22   1   0   3   7   1
1509  15   1  19   0   0   3 999   3
1510  13   1  19 999   0   3   6   2
1511  11   1  22   1   1   1  11   2
1512  10   0  22   1   0   3 999   2
1513   6   0  19   1   1   2   9   2
1514   6   0  20   0   1   1   9   3
1515   8   0  20   0   1   3  11   2
1516 999 999  21   1   1   2  10   2
1517  14   1  23   0   1   1  10   2
1518  11   1  22   0   1   2   4   2
1519   8   0  19   1   1   1  13   3
1520   6   0  18   1   1   2   4   2
1521   6   0  23   1   1   2  10   2
1522 999 999  21   0   1   1  10   3
1523 999 999  25   1   1   1   7   3
1524   9   0  19 999   1   1  10 999
1525 999 999  20   1   1   4 999   2
1526 999 999  20   1   0   1 999   2
1527   9   0  23   0   1 999  10   2
1528 999 999  18   1   1   4  12   2
1529  13   1  22   1   1   1   9   2
1530 999 999  18   0   1   4   3   2
1531 999 999  25   0   0   4   7   1
1532  10   0  18   0   0   1   9   2
1533   8   0  25   0   0   4   8   2
1534  10   0  24   0   1   4   6   2
1535  17   1  21   1   1   3   2   1
1536   6   0  20   0   0   1  16   3
1537   8   0  19   1   1   1  12   3
1538   8   0  21   1   0   1   3   1
1539 999 999  23   1   1   2   6   1
1540   8   0  24   0   1   4   5   2
1541  10   0  25   0   1   3   9   2
1542 999 999  18   0   1   3 999   2
1543   7   0  22   0   1   1  10 999
1544   7   0  19   0   1   1   6   2
1545   6   0  18   1   1   1  12   2
1546  18   1  25   0   1   4   6   2
1547   9   0  18   1   0   3  13   2
1548   6   0  18   0   0   1  11   3
1549   6   0  21   0   1   1   8   2
1550   8   0  25   0   1   1   6   3
1551   4   0  18   0   1   2 999   3
1552  18   1  24   1   0   1 999   3
1553   8   0  20   0   1   3   5   2
1554 999 999  25   1   1   1  13   2
1555  20   1  18   1   1   3   8   2
1556  17   1  22   1   0   2   9   2
1557  10   0  23   1   0   3 999   2
1558  12   1  25   0   1   1   7   3
1559 999 999  25   1   1   1   5   3
1560  15   1  18   0   1   1  10   3
1561  11   1  23   0   0   3  11   2
1562  10   0  18   1   1   1  10   2
1563 999 999  23   1   0   1   8   3
1564   6   0  21   1   1   1   7 999
1565   9   0  22   0   0   1  10   3
1566  11   1  19   0   0   3   9   2
1567 999 999  25   1   0   1  12   2
1568   8   0  21   1   0 999  11   1
1569   9   0  21   1   1   1  12   2
1570 999 999  24   1   1   2   6   2
1571  12   1  23   1   0   1  11   3
1572  15   1  25   1   1   1  13   3
1573   8   0  19   0   1   1  12   3
1574   7   0  19   1   1   1   8   2
1575   7   0  19   1   0   1  10   2
1576   8   0  22   1   0 999   7   2
1577 999 999  20   0   0 999   2   2
1578 999 999  25   0   1   1  19   3
1579 999 999  19 999   0   2   7   2
1580 999 999  20   1   0   1   7   1
1581  10   0  24   0   1   1  10   2
1582  10   0  22   1   1   2   3   2
1583 999 999  23   0   1   1   7   2
1584   8   0  21   0   1   2   4   2
1585 999 999  18   1   1   1   5   2
1586  12   1  21   1   0   1  12   2
1587 999 999  24   0   1   3  10   2
1588   6   0  18   0   1   3   6   2
1589  10   0  22   1   1   3 999   2
1590 999 999  24   1   1   1   7   2
1591   6   0  18   0   1   1  16   3
1592   9   0  25   1   0 999  10   1
1593   8   0  20   1   1   3   8   2
1594   8   0  24   0   1   3  11   3
1595   9   0  21   0   0   3   6   2
1596  12   1  23   1   1   1   7   2
1597   9   0  21   1   1   3 999   2
1598   8   0  25   1   0   1   5   3
1599   8   0  20   0   1   1  12   3
1600  23   1  25   1   1   1 999   2
1601 999 999  19   1   1   1   5   2
1602   8   0  18   1   0   1   8   2
1603  13   1  25   1   1   4   9   3
1604   6   0  20   0   1   1   8   2
1605 999 999  21 999   1   3   9 999
1606 999 999  18   0   1   1   9   2
1607   5   0  18   0   0   4  11   2
1608   9   0  20   0   1   3   9   2
1609 999 999  20   1   0   1 999   2
1610  10   0  22   0   1   2   1   2
1611  11   1  25   1   1   1  11   3
1612   5   0  19   0   0   1 999   3
1613  11   1  21   1   0   2   5   2
1614   8   0  20   1   1   4   5   3
1615   8   0  23   1   1   3   7   3
1616 999 999  20   1   1   1  14   2
1617 999 999  24   1   1   1   9 999
1618  13   1  25   1   1   3   9   2
1619  11   1  21   1   0   3   6   2
1620  11   1  23   0   0   3  12   2
1621   5   0  24   0   0   2  10   2
1622  14   1  23   0   1   1  14   3
1623 999 999  20   1   0   1 999   2
1624   9   0  22   1   0   3  10   2
1625   6   0  18   0   0   1   9   2
1626  14   1  25   0   0   2  16   3
1627   7   0  20   0   0   1  13   3
1628  10   0  25   0   0   3   7   2
1629   8   0  19   1   0   1  12   2
1630   7   0  18   0   0   1  10   2
1631 999 999  18   0   0   1   7   2
1632  11   1  24   0   0   2  10   2
1633  10   0  22   1   0   2   2   2
1634   8   0  22   0   0   1   2   1
1635   8   0  21   0   0   1   8   2
1636   7   0  21   0   0   1  15   2
1637   8   0  19   1   0   1  13   3
1638   9   0  18   0   1   1  10   2
1639   9   0  21   1   1   1   8   2
1640   8   0  19   1   1   1   4   2
1641   9   0  21   1   0   1  12 999
1642  11   1  23   1   1   3  12   2
1643   8   0  19   0   1   1   9   3
1644   6   0  21   0   0   3   6   3
1645   6   0  20   0   1   3   9   3
1646 999 999  21   1   1   1   7   2
1647  13   1  23   1   0   1 999   2
1648   6   0  22   0   1   3  13   3
1649   6   0  20   0   0   3   7   2
1650   7   0  20   1   1   3   2   2
1651 999 999  21   1   0   1   5 999
1652 999 999  18   0   1   3   4   1
1653   8   0  23   0   0   1   9   3
1654 999 999  24   1   0   1   8   3
1655   9   0  20   1   0   1   6 999
1656   7   0  20   1   0   1   8   3
1657  17   1  22   1   1   1   9   2
1658  10   0  21   0   1   1   4   2
1659  10   0  20   1   1   1  12   3
1660 999 999  24   0   0   1   9   2
1661  12   1  20   1   0   1   6   2
1662 999 999  18 999   0   1   8   2
1663 999 999  25   1   0   1   9   2
1664   6   0  20   0   1   3   5   2
1665  20   1  24   1   0   1   9   2
1666  10   0  18   1   1   1   4   2
1667  10   0  21   1   1   1  12   2
1668   7   0  21   0   0   3   7   2
1669   6   0  21   0   1   2  13   3
1670  10   0  23   1   1   3 999 999
1671   4   0  22   0   0   2   9   2
1672   5   0  25   0   1   1  10   3
1673  11   1  21   1   0   1  15   3
1674  10   0  24   0   1   1  13   3
1675  12   1  19   0   0   1  13   3
1676  17   1  24   1   0   1   9   3
1677 999 999  23   1   1   1   1   2
1678   8   0  22   0   1   1   7   2
1679  28   1  25   1   1   2   8   2
1680  11   1  20   0   1   1   9   2
1681  20   1  24   0   1   1   6 999
1682   6   0  20   0   0   1   9   3
1683  10   0  21   1   1   1   7   2
1684  10   0  23   0   0   1 999   3
1685   9   0  21   0   0   3 999   1
1686  11   1  25   0   0   1   7   2
1687   6   0  20   0   0   3 999   1
1688 999 999  20   1   0   3 999   2
1689  13   1  22   1   1   3 999   2
1690  13   1  24   0   0   1   7   2
1691  11   1  24   0   0   1   6   3
1692 999 999  21   0   0   1  12   3
1693   8   0  22   0   1   1   7   2
1694  13   1  24   1   1   1  10   2
1695  11   1  19   1   0   1   9   2
1696   8   0  19   1   0   1   7   3
1697 999 999  18   1   1   1   3   2
1698   8   0  24   0   1   1  11   2
1699   5   0  22   0   0   1  14   3
1700 999 999  18   1   1   3   2   2
1701   6   0  18   1   0   2   7   2
1702   9   0  22   1   0   2   8   2
1703   6   0  20   0   1   1 999   3
1704   6   0  20   0   1   1  13   2
1705 999 999  21   1   1   1   6   2
1706   8   0  25   1   0 999   6   2
1707  21   1  23   1   1   1   7   2
1708   8   0  23   0   0   3   5   3
1709   9   0  25 999   1   1   5 999
1710   6   0  18   1   0   1   6   2
1711   6   0  19   0   1 999   8   2
1712  12   1  23   0   1   3   6 999
1713   6   0  18   0   1 999  10   3
1714 999 999  24   0   0   1   5   2
1715 999 999  19   1   1   3   6   2
1716   8   0  20   0   0   1   2   2
1717  12   1  22   1   1   3 999   2
1718 999 999  18   1   0   1   6 999
1719 999 999  24   0   0   1  11   2
1720   7   0  19   1   0   2  11   2
1721 999 999  23   0   1   1  16   3
1722 999 999  22   1   1   3   7   3
1723  10   0  24   0   1   3   6   1
1724 999 999  25   0   0   3   7   3
1725  13   1  22   0   1   3   1   1
1726 999 999  20   0   0   2   3   2
1727 999 999  24   1   0   1  11   3
1728   6   0  18   0   1   4   9   3
1729   5   0  20   0   1 999  11   3
1730  10   0  25   0   0   1  13   3
1731   8   0  20   0   1 999   9   3
1732   8   0  25   0   1   1   9   3
1733   8   0  18   1   1   3   7   3
1734 999 999  22   1   0   3  13   2
1735   6   0  20   0   0   2  13   3
1736   8   0  20   1   0   1   9   2
1737   8   0  23   0   0   3  10   2
1738 999 999  25   1   0   1   9   2
1739   7   0  22   0   1 999  10   3
1740  11   1  22   1   1   1   8   1
1741  15   1  23   0   1   3   8   2
1742   8   0  20 999   1 999  13   3
1743 999 999  23   0   0   1   4   3
1744  10   0  19   1   0   1  15   2
1745  10   0  23   0   1   1  11 999
1746  13   1  22   0   0   3   8   2
1747  11   1  22   1   0   1   6   2
1748   8   0  21   0   0   3   2   2
1749  15   1  22   1   0   1  16   2
1750   5   0  23   0   1   1  11   2
1751  10   0  18   1   1   2   9   3
1752   7   0  23   0   0   1  11   3
1753  11   1  22 999   1   1  13   3
1754  12   1  23   1   1   3  11   2
1755 999 999  22   0   1   3   6   1
1756  12   1  21   1   1   1  10   3
1757 999 999  21   1   0   1   7   2
1758   8   0  24 999   1   1   8   2
1759   7   0  18   1   0   1   4   2
1760   5   0  22   0   0   1  12   2
1761  11   1  24   1   1 999  10   2
1762  15   1  24   1   1   3  12   3
1763  12   1  21   1   1   1   4   1
1764 999 999  19   0   1   1  12   2
1765   6   0  18   0   0   1   9   2
1766  12   1  25   1   0   2   8   2
1767  15   1  23   1   1   1   8   1
1768   7   0  18   1   0   1   8   2
1769 999 999  20   1   0   3   1 999
1770   6   0  18   0   0 999  13   2
1771  10   0  24   0   1   3  15   2
1772 999 999  21   1   1   2   8   2
1773  26   1  22   1   1   2   2   2
1774  15   1  25   0   1   3  11   2
1775   8   0  19   0   0   1  10   2
1776 999 999  24   0   1   3 999   2
1777 999 999  24   0   1   3  10   3
1778  11   1  24   0   0   1   6   3
1779   8   0  21   0   0 999  12   3
1780  11   1  25   0   1   3  10   2
1781   7   0  23   0   1   2  11   3
1782   6   0  19   0   0   3   1   1
1783   8   0  21   1   0   3  12   3
1784 999 999  24   1   1 999   8   2
1785  11   1  21   1   0   1   8   2
1786   9   0  23   0   1   4   8   3
1787  10   0  22   1   1   4  12   2
1788  21   1  25   1   1   1   8   2
1789   9   0  19   1   1   1   2   1
1790 999 999  23   1   0   3 999   2
1791  12   1  21   1   1   1  11   2
1792   7   0  25   0   1   3   6   2
1793   8   0  18   0   1   1  15   3
1794   8   0  21   1   1   1 999   2
1795   9   0  20   0   1 999   7   2
1796   6   0  19   0   0   1   7   2
1797   6   0  18   1   1   2  14   2
1798   8   0  20   1   1   3  11   2
1799 999 999  20   1   0   1   7   3
1800   8   0  24   0   1   3   6   2
1801  28   1  21   0   1   4  10 999
1802  13   1  22   1   1   1   6   2
1803  12   1  25   0   1   1  10   2
1804 999 999  18   0   0   4  11   3
1805  11   1  19   0   1   1   4   2
1806   8   0  18   0   0   1  10   2
1807   7   0  21   0   0   3  10   3
1808 999 999  19   0   0   1   1   2
1809  21   1  25   1   1   2   4   2
1810   8   0  18   1   1   1   9   2
1811  10   0  25 999   0   1  11   2
1812  10   0  24   1   1   2  11   3
1813   8   0  19   0   1   1  11   2
1814 999 999  24   1   1   3   9 999
1815  12   1  21   1   0   3  10   2
1816 999 999  20   1   1   3   5   2
1817   7   0  18   0   1   3 999   2
1818  17   1  25   1   0   3   2   2
1819   8   0  20   1   1   2   4   1
1820   8   0  18   1   0   1   9   3
1821   7   0  19   0   0   3   1   1
1822 999 999  21   0   0   4   8   2
1823 999 999  24   0   1 999  12   2
1824   7   0  18   1   0   3  13   2
1825   9   0  20   1   0   1   9   3
1826   7   0  24   0   1   1   6   3
1827   5   0  18   0   0   1  12   3
1828 999 999  24   0   1   3   9   2
1829 999 999  18   1   1   1  12   3
1830  18   1  23   0   0   1  11   2
1831   6   0  18   0   0   4   5   1
1832  17   1  23   1   1   1  10   1
1833  12   1  22   1   1   1 999   2
1834 999 999  22   0   0   3   9   2
1835   6   0  22   0   1   1   8   2
1836  10   0  23   1   0   1   1   1
1837  14   1  24   0   1   1   8   2
1838 999 999  24   1   1   1   4   1
1839   8   0  18   0   1   3 999   2
1840   8   0  20   0   0   1  14   3
1841   8   0  18   0   0   1  15   3
1842  21   1  22   1   1   3  10   2
1843   8   0  23   0   1   3  13   2
1844   6   0  21   0   1   3   5   2
1845   6   0  19   0   0   1   9   3
1846   5   0  24   0   0   1   6   2
1847  13   1  22   1   1   1   5   2
1848  11   1  21   1   1   1  13 999
1849  11   1  23   1   0   3   4   2
1850  13   1  20   0   0   1   9   1
1851 999 999  20   1   0   1  11   2
1852  15   1  25   1   1   3   8   1
1853   6   0  21   0   0   3  12   2
1854   8   0  23   0   1   1   9   3
1855 999 999  22   1   0   1   6   3
1856  10   0  19   0   0   1  11   3
1857   8   0  21   0   1   1   6   2
1858   5   0  18   0   1   4  11   3
1859   7   0  22   0   1   1  14   2
1860  14   1  18   1   0   2  13   2
1861  14   1  22   1   1   1  10   2
1862   6   0  20   0   1   1  14   2
1863 999 999  23   1   1   3 999   2
1864   7   0  24   0   1   1   6   2
1865   8   0  22   0   0   3  12   2
1866   6   0  20   0   0   3   5   2
1867 999 999  23   1   0   2   1   2
1868 999 999  21 999   0   3 999   2
1869   7   0  24   0   1   3   5   2
1870  10   0  23   1   1 999   7   2
1871   6   0  18   0   1   3 999   2
1872   7   0  20   0   0   3   7   1
1873  12   1  25   0   1   1  11   3
1874   6   0  22   0   0   1  16   2
1875 999 999  20 999   1   3   2   2
1876   9   0  18   1   1   3   8   2
1877  11   1  19   1   1   1   5   1
1878   9   0  22   1   0   1  12   3
1879  11   1  23   1   1   2   9   2
1880  12   1  24 999   1   1  13   2
1881 999 999  23   0   0   2   8   3
1882 999 999  18 999   1   3   5   2
1883   5   0  19   0   0   2  15   3
1884 999 999  18   1   1   1   7   2
1885   8   0  21   1   1   1  14   2
1886  12   1  25   1   1   2   5   2
1887   8   0  18   1   0   1 999   2
1888   7   0  24   0   1   1 999   2
1889   8   0  22   0   1   1  14   2
1890  10   0  21   1   0   1   9   2
1891  12   1  20   1   1   1  11   3
1892  12   1  25   0   0   1   7   2
1893   5   0  23   0   0   1   7   2
1894   7   0  25   0   1   1  17   3
1895 999 999  24   1   1   1   2   1
1896  20   1  25   1   1   1   5 999
1897   8   0  25   0   0   2   8   2
1898   7   0  20   1   1   1   5   2
1899 999 999  25   1   1   1  17   3
1900   8   0  23   0   0   1   7   3
1901   8   0  20   1   0   1  10 999
1902 999 999  19   0   1   3  13 999
1903  12   1  25   0   1   1   6   3
1904  15   1  22   0   1   3 999   2
1905  12   1  25   0   0   3   4   2
1906   9   0  20   1   1   3 999 999
1907  11   1  25   0   1   1  11   3
1908  11   1  20   0   1   1  12   2
1909  12   1  20   1   0   2   6   2
1910 999 999  19   0   1   1 999   2
1911 999 999  24   0   1   3 999   2
1912 999 999  19   0   0   3   1   2
1913   6   0  20   0   1   1  12   3
1914  12   1  24   1   1   1  15   2
1915 999 999  18 999   1   1   5   2
1916  15   1  24   0   0   3   5   1
1917   6   0  19   1   1   4   6   2
1918  14   1  24 999   1   3   9   2
1919  11   1  21   1   0   3   9   2
1920   8   0  19   1   1   1  11   3
1921   6   0  21   0   1   1  14   2
1922   7   0  20   0   0   3   6   2
1923  12   1  19   0   0   1   7   2
1924   7   0  18   1   0   1  15   3
1925  13   1  23   0   0   1   7   2
1926  18   1  23   1   1   1   3   1
1927   8   0  19   1   1   3   6   2
1928  18   1  25   1   0   1   4   1
1929   6   0  21   0   1   3   2   1
1930 999 999  19   1   0   1   7   2
1931  15   1  25   0   0   2   3   2
1932   6   0  18   1   1   1   7   2
1933   6   0  20   0   0   1 999   2
1934   8   0  24   0   1   2  11   3
1935 999 999  19   1   1   1   3   2
1936  14   1  23 999   0   1   9   2
1937  20   1  25   1   0   1  10   3
1938 999 999  18   0   0   1   9   3
1939   9   0  21   1   0   1   8   2
1940   7   0  25   0   1 999  10   2
1941   7   0  22   0   1   2  11   2
1942  18   1  25   1   1   3  15   2
1943  24   1  25   1   0   1   9   2
1944 999 999  25   1   1   1   5   2
1945   9   0  23   1   1   1   9   3
1946   9   0  20   0   1   2   9   3
1947   2   0  24   0   0   2   9   2
1948   9   0  25   0   1   1   6   2
1949  11   1  23   0   1   1   1   1
1950  11   1  19 999   1   1   5   1
1951  12   1  18   0   1   2   9   2
1952  21   1  25   1   0   1   9   2
1953  24   1  23   1   0   1   9   3
1954   8   0  20   0   1   3 999   2
1955   8   0  21   1   0   1  12   2
1956 999 999  24   0   0   2   5   3
1957   8   0  22   0   1   1   4   2
1958 999 999  24   1   1 999   2   1
1959  14   1  25   1   1   4   3   2
1960  28   1  21   0   1   1  15   2
1961   8   0  25   0   1   2   6   3
1962  21   1  25   1   0   1   7   3
1963   8   0  25   1   0 999   5   2
1964 999 999  20   0   1   3   5   3
1965   6   0  23   0   1   1  12   3
1966   6   0  22   0   1   2   4   2
1967  12   1  20   1   1   3   5   2
1968   5   0  19   0   0   3   6   1
1969 999 999  22   1   1   4   7   2
1970   9   0  22   0   0   1   8   3
1971   7   0  21   1   0   1 999   2
1972   6   0  21   0   0   3   1   2
1973  12   1  23   1   1   3  10   2
1974 999 999  25   0   1   3   1   1
1975 999 999  22   1   1   3   1   2
1976  10   0  18   0   0   3   8   3
1977   8   0  22   1   0   4   7   2
1978   5   0  19   0   0   1  15   3
1979   8   0  23   0   1   2  11   2
1980  11   1  22   1   1   3   7   2
1981  14   1  21   1   1   1  14   2
1982   7   0  21   0   0   2   7   3
1983 999 999  20   1   1   1   9   3
1984   9   0  22   0   0   1  13   2
1985  10   0  20   1   1   1   8   2
1986  10   0  18   1   1 999   3   3
1987   9   0  24   0   1   3  11   2
1988   6   0  18   0   0 999  10   2
1989  13   1  22   1   0   1   6 999
1990 999 999  23   0   0   1  10   2
1991  15   1  25   1   1   3   8   2
1992  11   1  21   1   1   1   6   2
1993   9   0  25   1   1   1   2   2
1994 999 999  24   0   1   1  15   3
1995   8   0  25   1   1   4  10   2
1996  12   1  25   0   1   1   6   2
1997  12   1  21   1   1   3   7   2
1998 999 999  25   1   1   1  10   2
1999  15   1  22   1   1   1   7   3
2000   8   0  19   1   1   1   4   2
